1	0	1	0	0	2	1	000-0.png	
2	0	2	2	2	0	1	000-1.png	
1	0	2	2	2	2	1	000-10.png	
2	0	2	2	2	2	6	000-11.png	
2	0	2	2	2	2	1	000-12.png	
2	0	2	2	2	2	1	000-13.png	
0	0	2	0	2	2	1	000-14.png	
2	0	2	0	2	2	1	000-15.png	
2	0	2	0	2	2	6	000-16.png	
2	0	2	0	2	2	1	000-17.png	
2	0	2	0	2	2	1	000-18.png	
1	0	2	0	2	2	1	000-19.png	
2	0	2	2	2	0	1	000-2.png	
2	0	2	2	2	2	1	000-20.png	
1	0	2	0	2	2	1	000-21.png	
1	0	2	0	2	2	1	000-22.png	
1	0	2	0	2	2	1	000-23.png	
1	0	2	0	2	2	1	000-24.png	
2	0	2	0	2	2	1	000-25.png	
2	0	2	0	2	2	1	000-26.png	
1	0	2	0	2	2	1	000-27.png	
2	0	2	0	2	2	1	000-28.png	
2	1	2	2	2	2	6	000-29.png	
1	0	2	2	2	2	1	000-3.png	
2	0	1	0	0	0	1	000-30.png	
1	0	1	0	2	2	0	000-31.png	
2	0	2	0	2	2	1	000-32.png	
2	0	1	0	0	2	1	000-33.png	
2	0	2	2	0	2	0	000-34.png	
1	0	2	0	2	2	1	000-35.png	
2	0	2	0	0	2	1	000-36.png	
2	0	1	0	0	2	0	000-37.png	
1	0	1	0	0	2	1	000-38.png	
1	0	1	0	0	2	1	000-39.png	
2	1	0	2	2	2	1	000-4.png	
1	0	1	0	2	2	0	000-40.png	
0	0	1	0	0	2	1	000-41.png	
2	0	1	0	2	2	1	000-42.png	
2	0	1	0	2	2	0	000-43.png	
2	0	1	0	2	2	1	000-44.png	
2	0	1	0	0	1	1	000-45.png	
1	0	1	0	0	2	1	000-46.png	
0	0	1	0	0	2	1	000-47.png	
0	0	1	0	2	2	1	000-48.png	
2	0	1	0	0	2	1	000-49.png	
1	1	2	2	2	2	1	000-5.png	
2	0	1	0	2	1	1	000-50.png	
0	0	1	0	0	1	0	000-51.png	
2	0	1	0	2	1	0	000-52.png	
2	0	1	0	0	1	1	000-53.png	
0	0	1	0	0	1	0	000-54.png	
1	0	1	0	0	1	0	000-55.png	
2	0	1	0	0	1	1	000-56.png	
2	0	2	0	2	1	1	000-57.png	
0	0	1	0	0	2	1	000-58.png	
2	0	2	2	2	2	1	000-6.png	
1	0	2	2	2	2	1	000-7.png	
2	0	2	0	2	2	1	000-8.png	
1	0	2	2	2	2	1	000-9.png	
2	0	2	0	0	1	1	001-0.png	
2	0	1	0	2	1	1	001-1.png	
2	0	1	0	0	0	4	002-0.png	
2	0	0	2	2	2	2	003-0.png	
0	0	0	2	1	1	2	003-1.png	
1	0	1	0	2	1	3	004-0.png	
0	1	0	2	1	2	6	005-0.png	
2	1	0	2	1	2	6	005-1.png	
2	1	0	1	1	2	2	006-0.png	
0	1	2	2	2	2	1	007-0.png	
2	1	0	2	2	2	1	007-1.png	
0	0	2	2	2	1	3	008-0.png	
2	0	2	2	1	1	3	008-1.png	
2	0	2	0	2	2	3	009-0.png	
2	0	2	0	2	2	2	009-1.png	
2	0	2	2	2	0	5	010-0.png	
2	0	2	2	2	0	6	010-1.png	
0	0	2	0	2	1	6	011-0.png	
0	0	2	2	0	1	6	011-1.png	
2	1	2	2	0	2	2	012-0.png	
2	0	2	2	2	2	3	012-1.png	
2	0	0	2	1	2	3	014-0.png	
2	1	0	1	1	2	3	014-1.png	
0	0	0	2	2	1	3	015-0.png	
2	1	2	2	0	2	2	016-0.png	
2	1	0	2	0	2	2	016-1.png	
0	1	0	2	2	2	2	016-2.png	
2	0	0	2	1	0	2	017-0.png	
1	1	0	1	1	0	2	017-1.png	
2	0	0	1	1	0	2	017-2.png	
2	0	2	0	2	1	2	018-0.png	
2	1	2	2	2	1	2	018-1.png	
0	1	0	2	1	0	3	019-0.png	
0	1	0	2	1	0	3	019-1.png	
0	1	0	2	1	0	3	019-2.png	
2	0	2	0	2	2	1	020-0.png	
2	1	2	2	1	1	4	021-0.png	
0	0	2	2	1	2	3	022-0.png	
0	1	2	0	2	2	3	023-0.png	
0	0	0	2	2	2	5	024-0.png	
1	0	1	0	2	1	2	025-0.png	
1	0	1	0	2	1	2	025-1.png	
2	0	1	0	2	1	2	025-2.png	
1	0	2	0	2	1	2	025-3.png	
1	0	1	0	2	1	2	025-4.png	
2	1	2	2	1	0	2	026-0.png	
2	0	2	2	1	0	3	026-1.png	
0	0	0	2	1	0	2	026-2.png	
1	1	0	2	1	0	2	026-3.png	
2	0	0	2	1	0	2	026-4.png	
2	0	1	0	2	1	1	027-0.png	
2	0	2	2	1	1	3	028-0.png	
2	0	2	2	2	1	6	029-0.png	
2	0	0	2	2	1	6	030-0.png	
0	0	0	1	1	1	2	031-0.png	
0	0	2	2	2	2	6	032-0.png	
2	0	2	2	1	0	5	033-0.png	
0	0	1	0	2	1	2	034-0.png	
2	0	2	0	2	0	6	035-0.png	
2	0	2	2	2	2	1	036-0.png	
2	0	2	0	2	1	2	037-0.png	
1	0	1	0	0	1	2	037-1.png	
2	1	2	0	2	1	2	037-2.png	
1	0	2	0	2	1	2	037-3.png	
1	0	2	0	2	1	2	037-4.png	
2	1	0	2	1	1	6	038-0.png	
0	1	2	2	2	1	4	039-0.png	
2	0	2	2	1	2	4	040-0.png	
2	0	0	2	1	2	4	041-0.png	
0	1	2	0	2	0	6	042-0.png	
0	1	0	2	1	2	3	043-0.png	
0	0	2	2	1	1	3	044-0.png	
2	0	0	1	2	0	3	045-0.png	
2	1	1	0	2	2	2	046-0.png	
0	1	0	2	2	1	6	047-0.png	
0	0	2	0	2	0	0	048-0.png	
2	1	2	0	2	0	6	049-0.png	
0	0	2	2	1	2	1	050-0.png	
1	0	0	2	1	0	3	051-0.png	
2	1	0	2	1	0	5	052-0.png	
2	0	0	1	1	0	1	053-0.png	
2	1	0	2	1	2	1	054-0.png	
0	0	1	0	1	1	4	055-0.png	
2	1	0	2	1	1	1	056-0.png	
0	0	0	2	1	0	1	058-0.png	
0	0	0	2	1	0	1	058-1.png	
0	1	0	2	1	0	1	058-2.png	
0	1	0	1	1	0	1	058-3.png	
0	0	0	2	1	0	2	059-0.png	
0	0	0	2	1	0	2	059-1.png	
2	0	0	1	1	0	2	059-2.png	
0	0	0	2	1	0	2	059-3.png	
0	0	2	0	2	2	2	060-0.png	
0	0	1	0	2	2	2	060-1.png	
2	0	2	0	2	2	2	060-2.png	
0	0	1	0	2	2	2	060-3.png	
0	0	0	2	1	2	2	061-0.png	
0	1	0	2	2	2	2	061-1.png	
2	1	2	2	2	2	2	061-2.png	
2	1	2	2	0	2	2	061-3.png	
1	1	2	0	0	1	2	062-0.png	
0	0	1	0	0	1	2	062-1.png	
2	0	1	0	0	1	6	062-2.png	
0	0	2	0	0	2	6	063-0.png	
0	0	2	0	2	2	6	063-1.png	
0	0	2	0	2	2	6	063-2.png	
0	0	2	0	2	2	2	064-0.png	
1	1	2	0	2	2	2	064-1.png	
2	1	2	0	2	2	2	064-2.png	
2	1	2	0	2	2	6	064-3.png	
2	0	2	2	2	1	5	065-0.png	
0	0	2	2	1	1	1	065-1.png	
0	1	2	0	0	1	2	066-0.png	
0	1	2	0	0	1	3	066-1.png	
0	0	2	2	2	2	1	067-0.png	
2	1	0	2	1	0	2	068-0.png	
2	1	1	0	1	2	1	069-0.png	
2	1	2	0	2	2	3	070-0.png	
2	1	0	2	1	0	4	071-0.png	
0	0	1	0	2	1	3	072-0.png	
2	1	0	1	1	0	4	073-0.png	
0	1	0	2	1	0	2	074-0.png	
0	0	2	2	1	0	5	075-0.png	
0	0	1	0	2	2	3	076-0.png	
0	0	2	0	2	1	2	077-0.png	
1	1	0	1	1	0	3	078-0.png	
0	1	0	2	2	1	6	079-0.png	
2	1	0	2	2	1	3	080-0.png	
0	1	2	2	1	2	3	081-0.png	
1	1	2	2	1	1	6	081-1.png	
2	0	0	2	1	2	3	082-0.png	
0	0	2	2	0	2	6	083-0.png	
0	0	0	2	2	2	2	084-0.png	
0	1	0	2	2	1	2	084-1.png	
0	0	1	0	2	2	6	085-0.png	
0	0	1	0	0	2	6	085-1.png	
0	0	1	0	0	2	6	085-2.png	
0	0	1	0	0	2	6	085-3.png	
0	0	1	0	0	2	6	085-4.png	
0	0	1	0	0	2	6	085-5.png	
0	1	2	2	2	2	3	086-0.png	
2	0	1	0	0	1	2	087-0.png	
2	0	1	0	0	1	3	087-1.png	
2	0	1	0	0	1	3	087-2.png	
2	0	0	2	2	2	2	088-0.png	
0	1	0	2	1	2	2	088-1.png	
2	1	0	2	1	2	2	088-2.png	
2	1	2	2	1	2	3	089-0.png	
0	1	0	2	1	2	3	089-1.png	
2	1	2	2	1	2	3	089-2.png	
0	0	2	0	2	1	2	090-0.png	
2	0	1	0	2	1	2	090-1.png	
2	0	2	0	2	1	6	090-2.png	
2	0	1	0	0	0	6	091-0.png	
2	0	1	0	2	0	1	091-2.png	
0	1	2	2	1	2	6	092-0.png	
0	1	2	2	2	2	2	092-1.png	
2	1	2	2	2	0	2	092-2.png	
2	0	0	2	1	0	4	093-0.png	
2	1	0	2	1	0	4	093-1.png	
2	0	0	2	1	0	4	093-2.png	
0	1	0	2	1	2	6	094-0.png	
0	0	0	2	2	2	6	094-1.png	
2	0	0	2	2	2	6	094-2.png	
2	0	2	2	2	1	4	095-0.png	
1	1	2	0	2	2	4	095-1.png	
0	1	0	2	1	2	2	096-0.png	
0	0	2	2	2	0	6	097-0.png	
0	0	2	0	2	1	3	098-0.png	
0	1	1	0	0	1	4	099-0.png	
0	0	2	0	2	0	1	100-0.png	
2	0	2	2	1	0	5	102-0.png	
0	0	2	2	1	0	5	102-1.png	
0	0	2	0	2	1	5	103-0.png	
0	0	2	0	1	1	3	104-0.png	
0	1	0	1	1	1	2	105-0.png	
0	0	2	0	2	1	2	106-0.png	
0	0	2	0	1	2	1	107-0.png	
0	0	1	0	2	2	1	107-1.png	
0	0	1	0	2	2	1	107-2.png	
2	0	1	0	2	2	1	107-3.png	
0	1	0	2	1	0	6	108-0.png	
2	0	0	2	1	0	2	108-1.png	
0	0	0	2	1	0	2	108-2.png	
0	0	0	2	1	0	2	108-3.png	
0	0	2	0	2	1	6	109-0.png	
0	0	2	2	2	2	6	109-1.png	
2	0	2	0	2	1	6	109-2.png	
2	0	1	0	2	2	6	109-3.png	
2	0	1	0	0	2	5	110-0.png	
2	1	2	0	2	2	6	110-1.png	
1	0	2	0	0	2	6	110-2.png	
2	0	1	0	0	2	6	110-3.png	
0	1	0	2	1	0	6	111-0.png	
2	1	2	2	1	0	6	111-1.png	
2	0	2	2	1	0	6	111-2.png	
0	0	2	2	2	0	6	111-3.png	
0	1	2	2	2	2	6	112-0.png	
2	0	2	2	2	2	6	112-1.png	
0	0	2	0	2	2	6	112-2.png	
2	1	2	2	2	2	5	112-3.png	
2	0	2	0	2	2	6	113-0.png	
0	0	2	0	0	2	6	113-1.png	
2	0	2	2	0	2	6	113-2.png	
0	0	2	0	0	2	6	113-3.png	
0	0	2	2	1	2	5	114-0.png	
0	0	2	2	2	2	5	114-1.png	
2	0	2	2	2	2	5	114-2.png	
2	1	2	2	2	2	5	114-3.png	
0	0	2	2	1	2	4	115-0.png	
0	0	0	2	1	0	2	116-0.png	
0	0	2	2	2	0	6	117-0.png	
0	0	0	2	1	0	6	117-1.png	
0	0	0	2	1	0	6	117-2.png	
0	0	0	2	1	0	6	117-3.png	
2	0	1	0	2	2	4	118-0.png	
0	0	1	0	2	2	4	118-1.png	
0	0	2	2	1	2	4	118-2.png	
0	0	1	0	2	2	4	118-3.png	
2	0	1	0	2	2	4	118-4.png	
2	0	1	0	2	2	3	118-5.png	
0	0	1	0	2	2	3	118-6.png	
2	1	2	0	2	2	1	119-0.png	
0	1	2	0	2	2	1	119-1.png	
2	0	2	2	2	2	5	120-0.png	
1	0	2	2	2	1	6	121-0.png	
2	1	0	1	1	2	5	121-1.png	
2	1	0	1	1	2	3	122-0.png	
2	0	2	0	2	2	4	123-0.png	
0	0	2	0	2	2	4	123-1.png	
0	0	2	0	2	2	3	123-2.png	
2	0	2	0	2	2	3	123-3.png	
2	0	1	0	2	2	3	123-4.png	
2	0	0	2	1	1	5	124-0.png	
2	0	2	2	1	1	5	124-1.png	
2	0	2	2	1	1	5	124-2.png	
2	0	2	2	1	1	5	124-3.png	
2	1	0	2	2	2	2	125-0.png	
2	1	0	2	2	2	2	125-1.png	
2	1	0	2	2	2	2	125-2.png	
2	1	0	2	2	2	2	125-3.png	
2	0	2	2	1	2	6	126-0.png	
1	0	0	2	1	2	6	126-1.png	
2	0	0	2	1	2	6	126-2.png	
2	1	2	2	2	2	6	126-3.png	
2	0	0	2	1	2	6	126-4.png	
2	0	2	2	2	2	1	127-0.png	
2	0	2	2	2	1	1	127-1.png	
2	1	2	0	2	1	1	127-2.png	
2	1	0	1	1	1	1	128-0.png	
0	0	0	1	1	1	1	128-1.png	
2	1	0	1	1	1	1	128-2.png	
2	0	0	1	1	1	1	128-3.png	
2	1	0	1	1	1	1	128-4.png	
2	0	0	1	1	1	5	129-0.png	
2	0	0	1	1	2	5	129-1.png	
2	1	0	1	2	2	5	129-2.png	
0	1	0	1	1	1	5	129-3.png	
2	0	0	2	2	2	4	130-0.png	
0	1	2	0	2	2	4	130-1.png	
0	1	2	2	2	2	4	130-2.png	
1	1	2	2	2	2	4	130-3.png	
2	0	2	0	2	2	4	130-4.png	
0	1	0	2	1	1	2	131-0.png	
0	1	2	2	1	1	2	131-1.png	
0	0	0	2	1	1	2	131-2.png	
0	0	2	2	1	1	2	131-3.png	
1	1	0	2	2	2	3	132-0.png	
1	1	0	2	1	2	3	132-1.png	
2	1	0	2	2	2	3	132-2.png	
2	1	0	2	1	2	3	132-3.png	
0	0	2	2	2	2	4	133-0.png	
0	0	0	2	2	2	2	133-1.png	
0	0	2	2	2	2	4	133-2.png	
0	0	2	2	2	2	2	133-3.png	
0	1	2	2	2	2	2	133-4.png	
0	0	1	0	0	1	3	134-0.png	
2	0	1	0	0	1	3	134-1.png	
2	0	0	2	2	1	6	135-0.png	
1	0	0	2	1	1	2	135-1.png	
2	0	2	2	2	1	4	136-0.png	
2	1	0	2	1	2	6	137-0.png	
1	0	1	0	0	1	5	138-0.png	
2	0	2	0	2	1	1	139-0.png	
0	0	2	0	2	1	6	139-1.png	
2	0	2	2	1	1	5	140-0.png	
1	0	2	0	2	1	5	140-1.png	
0	0	1	0	0	1	1	141-0.png	
0	1	2	2	1	0	3	142-0.png	
2	0	2	0	2	2	2	143-0.png	
2	1	0	1	1	2	2	144-0.png	
2	1	2	2	2	2	3	145-0.png	
0	0	2	2	0	2	5	146-0.png	
0	1	2	2	1	2	3	147-0.png	
2	0	2	2	2	2	1	148-0.png	
0	0	1	0	2	0	0	149-0.png	
2	1	0	2	2	1	1	150-0.png	
2	1	0	2	1	1	1	150-1.png	
2	1	0	2	2	1	5	150-2.png	
2	1	0	2	2	1	1	150-3.png	
2	1	0	2	2	1	1	150-4.png	
0	0	2	2	2	1	1	150-5.png	
2	0	2	2	2	1	1	150-6.png	
2	1	2	2	2	1	1	150-7.png	
2	1	0	2	2	1	1	150-8.png	
2	1	0	2	2	1	1	150-9.png	
0	1	0	2	1	0	4	151-0.png	
2	1	0	2	1	0	3	151-1.png	
2	1	2	2	1	0	3	151-10.png	
2	1	2	2	1	0	4	151-2.png	
2	0	2	2	1	0	3	151-3.png	
2	0	2	0	1	0	4	151-4.png	
2	1	2	2	1	0	4	151-5.png	
2	1	0	2	1	0	4	151-6.png	
2	1	0	2	1	0	4	151-7.png	
0	1	0	2	1	0	4	151-8.png	
0	1	0	2	2	1	2	152-0.png	
2	1	0	2	2	1	2	152-1.png	
0	1	0	2	2	1	2	152-2.png	
2	0	0	2	2	1	2	152-3.png	
2	1	2	2	2	1	2	152-4.png	
2	1	0	2	2	1	2	152-5.png	
2	1	0	2	2	1	2	152-6.png	
0	1	0	2	2	1	2	152-7.png	
0	1	0	2	2	1	2	152-8.png	
2	0	0	2	2	1	2	152-9.png	
2	1	2	2	2	2	3	153-0.png	
2	0	2	2	2	2	3	153-1.png	
2	0	2	2	1	0	4	153-2.png	
0	1	2	2	2	2	3	153-3.png	
1	1	2	2	2	2	3	153-4.png	
2	1	0	2	1	0	3	153-5.png	
2	1	0	2	1	0	3	153-6.png	
0	1	0	2	1	0	4	153-7.png	
2	0	2	2	1	0	4	153-8.png	
2	0	2	2	2	2	3	153-9.png	
2	1	0	2	1	2	3	154-0.png	
2	1	0	2	1	2	3	154-1.png	
2	1	0	2	1	2	3	154-2.png	
0	1	0	2	1	2	3	154-3.png	
2	1	0	2	1	2	3	154-4.png	
0	1	0	2	1	1	3	154-5.png	
2	1	0	2	2	2	3	154-6.png	
2	1	0	2	1	1	3	154-7.png	
2	1	0	2	1	1	3	154-8.png	
2	0	0	2	1	2	3	154-9.png	
2	0	2	2	1	2	1	155-0.png	
2	0	0	2	1	2	0	155-1.png	
2	0	2	2	1	2	0	155-2.png	
2	0	2	2	1	2	0	155-3.png	
2	0	0	2	1	2	0	155-4.png	
2	0	2	2	1	2	1	155-5.png	
2	0	2	2	1	2	0	155-6.png	
2	0	2	2	1	2	0	155-7.png	
2	1	0	2	1	2	1	155-8.png	
2	1	0	1	1	0	2	156-0.png	
0	0	1	0	0	1	1	157-0.png	
2	0	1	0	0	1	5	157-1.png	
0	0	1	0	2	1	6	158-0.png	
0	0	2	2	2	0	6	158-1.png	
2	0	1	0	2	2	6	158-2.png	
2	1	2	0	2	2	1	159-0.png	
1	1	2	0	2	2	1	159-1.png	
2	0	2	2	1	2	1	160-0.png	
0	1	2	2	1	2	1	160-1.png	
0	1	2	2	0	1	6	161-0.png	
0	1	2	2	2	1	6	161-1.png	
0	1	0	2	2	2	3	162-0.png	
0	1	0	2	2	2	3	162-1.png	
0	0	1	0	2	2	2	163-0.png	
2	0	2	0	2	2	6	163-1.png	
0	0	2	0	2	2	5	164-0.png	
0	0	2	2	2	2	6	164-1.png	
2	1	0	2	1	2	6	165-0.png	
0	1	0	2	1	2	6	165-1.png	
2	0	2	2	1	0	6	166-0.png	
2	0	2	2	1	0	6	166-1.png	
0	1	2	2	2	0	3	167-0.png	
0	0	2	2	1	2	5	168-0.png	
0	0	1	0	1	2	5	168-1.png	
0	0	1	0	2	1	2	169-0.png	
0	1	1	0	2	1	2	169-1.png	
2	1	0	2	1	2	1	170-0.png	
2	1	0	0	1	2	1	170-1.png	
1	1	0	2	2	2	2	171-0.png	
2	1	0	2	2	2	2	171-1.png	
2	0	2	0	2	1	1	172-0.png	
0	0	2	0	2	1	6	172-1.png	
2	0	0	2	2	0	3	173-0.png	
2	0	0	2	1	0	3	173-1.png	
2	0	0	2	2	0	3	173-2.png	
2	0	0	2	2	0	3	173-3.png	
2	0	0	2	1	0	3	173-4.png	
2	0	2	2	1	1	2	174-0.png	
0	0	0	2	1	1	2	174-1.png	
0	0	2	2	1	1	2	174-2.png	
1	1	2	2	1	1	2	174-3.png	
0	0	2	2	1	1	2	174-4.png	
0	0	0	2	1	2	6	174-5.png	
2	0	1	0	1	1	3	175-0.png	
1	1	1	0	1	1	3	175-1.png	
2	0	2	2	1	0	1	176-0.png	
2	0	2	2	1	2	2	177-0.png	
2	1	2	2	1	2	2	177-1.png	
2	1	2	0	2	1	6	178-0.png	
0	0	2	0	2	1	6	178-1.png	
2	0	0	1	1	0	1	179-0.png	
2	0	0	1	1	0	1	179-1.png	
2	0	1	0	2	2	6	180-0.png	
2	1	2	0	2	2	6	180-1.png	
2	1	0	2	1	0	2	181-0.png	
2	1	2	2	1	2	2	181-1.png	
2	1	0	1	1	0	2	181-2.png	
2	0	1	0	0	1	4	182-0.png	
0	1	2	2	1	1	3	183-0.png	
0	0	1	0	2	1	1	184-0.png	
1	0	1	0	2	1	1	184-1.png	
2	0	1	0	0	1	5	185-0.png	
2	0	1	0	0	2	5	185-1.png	
2	0	1	0	2	1	5	186-0.png	
2	0	2	0	2	1	5	186-1.png	
2	1	2	2	2	2	6	187-0.png	
0	0	2	2	2	1	2	187-1.png	
0	0	2	0	2	2	5	188-0.png	
2	1	2	0	2	2	5	188-1.png	
2	0	1	0	2	2	5	189-0.png	
0	0	1	0	2	1	5	190-0.png	
2	0	1	0	2	1	5	190-1.png	
0	1	0	2	2	2	2	191-0.png	
2	1	2	2	2	1	2	192-0.png	
2	1	0	2	2	1	2	192-1.png	
2	0	2	2	2	2	2	193-0.png	
2	0	2	2	1	2	2	193-1.png	
0	0	2	2	2	2	6	193-2.png	
0	1	0	2	1	2	6	193-3.png	
2	1	2	2	1	2	5	194-0.png	
0	1	2	0	2	1	5	194-1.png	
0	0	2	2	1	2	1	195-0.png	
2	0	2	0	1	1	1	195-1.png	
2	0	0	2	2	2	6	196-0.png	
0	0	1	0	1	2	6	197-0.png	
2	0	1	0	1	2	5	197-1.png	
0	0	2	2	1	2	1	198-0.png	
1	0	2	2	2	0	1	198-1.png	
0	0	2	2	1	2	2	199-0.png	
0	1	0	2	1	2	2	199-1.png	
2	1	0	2	1	0	2	199-2.png	
0	1	2	2	1	0	3	199-3.png	
0	0	1	0	0	0	5	200-0.png	
0	0	2	0	2	1	2	201-0.png	
2	0	2	2	2	2	1	202-0.png	
2	0	2	0	2	2	1	202-1.png	
0	0	2	2	2	2	1	202-2.png	
2	0	2	2	2	2	5	202-3.png	
2	0	2	0	2	2	1	202-4.png	
0	1	2	2	2	0	3	203-0.png	
2	0	2	0	2	0	2	203-1.png	
0	1	2	2	2	0	2	203-2.png	
2	1	2	2	2	0	3	203-3.png	
0	0	2	0	2	0	2	203-4.png	
0	0	0	2	1	2	4	204-0.png	
0	1	0	2	1	2	4	204-1.png	
0	1	0	1	1	2	4	204-3.png	
2	0	0	1	1	2	4	204-4.png	
2	1	0	1	2	2	4	204-5.png	
2	1	0	2	1	2	3	205-0.png	
2	1	0	2	2	2	3	205-1.png	
0	1	0	1	2	2	3	205-2.png	
0	0	0	1	1	2	3	205-3.png	
2	0	0	2	1	2	3	205-4.png	
0	0	2	2	2	1	4	206-0.png	
0	1	2	2	2	1	4	206-1.png	
2	1	2	2	1	1	3	206-2.png	
2	0	2	2	2	1	3	206-3.png	
0	0	0	2	2	1	4	206-4.png	
2	1	0	1	1	2	1	207-0.png	
0	0	0	1	1	2	1	207-1.png	
2	0	2	2	1	2	2	207-2.png	
2	1	0	1	1	2	0	207-3.png	
2	1	0	1	1	2	1	207-4.png	
0	1	0	1	1	2	0	207-5.png	
2	1	0	2	1	0	4	208-0.png	
1	1	0	2	1	0	4	208-1.png	
2	1	0	2	1	0	4	208-2.png	
1	1	0	2	1	0	4	208-3.png	
1	1	0	1	1	0	4	208-4.png	
1	0	0	2	1	2	2	209-0.png	
2	1	0	2	1	2	2	209-1.png	
0	0	0	2	1	2	6	209-2.png	
1	1	0	2	1	2	2	209-3.png	
2	0	2	2	1	2	2	209-4.png	
0	0	1	0	2	1	5	210-0.png	
2	0	1	0	2	1	5	210-1.png	
2	0	0	2	2	0	3	211-0.png	
0	1	0	1	1	0	2	211-1.png	
2	0	1	0	2	2	6	212-0.png	
2	0	1	0	2	2	2	212-1.png	
2	0	1	0	0	2	6	212-2.png	
1	0	1	0	2	2	2	213-0.png	
0	0	1	0	0	2	6	213-1.png	
2	0	1	0	2	2	6	213-2.png	
2	0	1	0	2	0	6	214-0.png	
2	0	1	0	2	0	5	214-1.png	
0	0	0	2	1	2	5	215-0.png	
2	0	2	2	1	1	5	215-1.png	
1	1	2	2	2	2	2	216-0.png	
1	0	2	2	2	2	2	216-1.png	
2	0	2	2	0	0	6	217-0.png	
0	1	2	2	2	0	2	217-1.png	
2	0	2	2	2	0	6	217-2.png	
2	0	2	2	2	1	2	218-0.png	
0	0	2	0	1	1	1	219-0.png	
2	0	0	2	2	0	5	220-0.png	
2	0	2	0	0	1	3	221-0.png	
0	0	2	0	0	2	1	222-0.png	
0	0	1	0	2	1	6	223-0.png	
2	1	2	2	0	2	6	224-0.png	
0	0	2	0	2	2	2	225-0.png	
0	0	0	2	1	0	4	226-0.png	
0	0	2	2	0	0	2	227-0.png	
2	1	2	0	2	2	3	228-0.png	
2	0	2	2	1	1	5	229-0.png	
2	0	0	2	1	0	6	230-0.png	
2	0	0	2	1	0	2	230-1.png	
0	0	2	2	2	2	5	231-0.png	
0	0	2	2	2	2	5	231-1.png	
0	0	2	0	2	2	6	232-0.png	
2	0	2	0	0	2	5	232-1.png	
1	0	2	2	2	2	2	233-0.png	
1	0	2	2	2	2	2	233-1.png	
1	0	2	2	1	1	3	234-0.png	
0	0	2	0	1	1	3	234-1.png	
1	1	0	2	1	0	4	235-0.png	
0	0	0	2	1	0	3	235-1.png	
1	0	2	0	2	0	6	236-0.png	
2	0	2	2	1	2	1	237-0.png	
2	0	2	2	1	2	1	237-1.png	
0	0	2	2	0	0	5	238-0.png	
1	0	1	0	2	1	3	239-0.png	
0	0	2	0	0	1	3	239-1.png	
2	0	2	0	0	2	2	239-2.png	
2	1	2	0	2	2	2	239-3.png	
2	0	2	2	1	2	2	240-0.png	
0	0	1	0	2	2	6	240-1.png	
2	0	2	0	2	2	5	241-0.png	
2	0	2	0	2	2	6	241-1.png	
2	0	2	0	2	2	6	241-2.png	
0	0	1	0	2	2	6	241-3.png	
2	0	2	2	2	2	6	242-0.png	
2	0	2	2	2	2	2	242-1.png	
0	0	0	2	1	2	2	242-2.png	
2	0	2	2	1	2	3	243-0.png	
2	0	2	2	1	2	2	243-1.png	
2	0	2	2	1	2	3	243-2.png	
2	0	2	2	1	1	5	244-0.png	
1	1	2	2	2	2	2	245-0.png	
2	0	2	0	2	2	3	246-0.png	
1	0	2	0	2	2	3	246-1.png	
2	1	2	0	2	2	3	246-2.png	
1	0	2	0	2	2	3	246-3.png	
2	0	2	0	2	0	4	247-0.png	
2	0	2	0	1	0	4	247-1.png	
1	1	2	0	2	0	4	247-2.png	
2	0	2	0	1	0	4	247-3.png	
2	0	2	0	1	0	4	247-4.png	
2	0	1	0	2	2	2	248-0.png	
0	0	1	0	2	2	2	248-1.png	
1	0	2	0	2	0	2	248-2.png	
2	0	1	0	2	2	2	248-3.png	
1	0	2	0	2	2	2	248-4.png	
2	0	0	2	2	0	3	249-0.png	
2	0	1	0	0	0	2	250-0.png	
2	0	1	0	2	0	2	250-1.png	
0	0	0	1	1	0	2	251-0.png	
0	1	2	2	1	0	2	252-0.png	
2	0	2	2	1	0	6	253-0.png	
1	1	0	2	2	0	3	254-0.png	
2	1	2	2	0	0	4	254-1.png	
1	1	0	2	2	0	3	255-0.png	
2	1	0	2	1	2	6	256-0.png	
0	0	0	2	1	2	5	256-1.png	
2	0	2	0	1	1	4	257-0.png	
0	0	1	0	2	1	5	258-0.png	
0	1	0	2	2	0	3	259-0.png	
0	1	0	2	2	2	3	259-1.png	
0	0	2	0	2	1	3	260-0.png	
0	0	2	0	2	1	5	261-0.png	
2	1	2	0	0	1	3	262-0.png	
0	0	1	0	0	1	4	263-0.png	
2	0	2	2	1	1	2	264-0.png	
2	0	1	0	2	1	5	265-0.png	
2	0	2	0	2	2	6	266-0.png	
0	0	0	2	1	0	2	267-0.png	
2	0	2	0	2	2	3	268-0.png	
2	0	1	0	2	1	3	269-0.png	
2	0	1	0	2	1	5	270-0.png	
2	1	0	2	1	0	2	272-0.png	
2	1	0	2	2	0	2	272-1.png	
0	1	0	2	2	0	2	272-2.png	
2	1	0	2	1	2	6	272-3.png	
1	0	1	0	2	0	2	273-0.png	
2	0	2	0	0	0	2	273-1.png	
2	0	1	0	2	2	2	273-2.png	
2	0	1	0	0	0	2	273-3.png	
2	0	1	0	0	2	2	273-4.png	
0	0	0	2	1	2	6	274-0.png	
2	0	2	2	1	2	5	274-1.png	
0	1	2	0	1	2	6	274-2.png	
2	0	0	2	1	2	5	274-3.png	
0	0	1	0	2	1	6	275-0.png	
0	0	2	0	2	1	1	275-1.png	
1	0	2	0	1	1	6	276-0.png	
1	0	1	0	1	1	6	276-1.png	
0	0	2	0	2	2	6	277-0.png	
0	0	2	2	2	2	1	277-1.png	
0	0	2	2	1	0	6	278-0.png	
0	0	2	0	1	0	6	278-1.png	
0	0	2	0	2	2	5	279-0.png	
2	1	2	2	2	2	2	279-1.png	
2	0	2	2	2	2	2	280-0.png	
2	0	0	2	2	2	2	280-1.png	
2	0	1	0	2	1	6	281-0.png	
0	0	1	0	2	0	1	281-1.png	
2	1	0	1	1	2	6	282-0.png	
2	1	0	1	1	2	2	282-1.png	
0	0	1	0	1	0	1	283-0.png	
2	0	1	0	1	0	1	283-1.png	
2	0	2	0	0	1	1	285-0.png	
1	1	2	0	2	1	1	285-1.png	
1	0	2	0	2	1	1	285-2.png	
2	1	2	2	2	1	1	285-3.png	
1	1	2	2	2	1	1	285-4.png	
2	0	0	2	1	0	3	286-0.png	
0	0	0	2	2	0	3	286-1.png	
2	0	0	2	2	0	3	286-2.png	
0	1	0	2	1	0	3	286-3.png	
2	1	0	2	1	2	1	287-0.png	
2	1	2	2	1	2	1	287-1.png	
2	0	2	2	1	2	1	287-2.png	
1	0	0	2	1	2	1	287-3.png	
2	1	2	2	1	2	1	287-4.png	
2	0	2	0	1	2	0	288-0.png	
0	0	1	0	1	2	0	288-1.png	
2	0	2	0	1	2	0	288-2.png	
2	1	2	0	1	2	0	288-3.png	
2	1	2	0	1	2	0	288-4.png	
2	1	0	2	2	2	5	289-0.png	
0	1	0	2	2	0	1	289-1.png	
2	0	0	2	2	0	1	289-2.png	
2	0	0	2	2	2	1	289-3.png	
2	0	0	2	2	2	1	289-4.png	
1	0	2	2	2	2	3	290-0.png	
2	0	2	2	1	1	5	291-0.png	
2	0	2	0	1	1	5	291-1.png	
2	0	2	0	1	1	5	291-2.png	
2	0	2	0	1	1	5	291-3.png	
2	0	2	2	2	2	1	292-0.png	
2	1	2	2	2	2	1	292-1.png	
2	0	2	2	2	2	1	292-2.png	
2	1	2	2	2	2	1	292-3.png	
1	0	2	0	2	2	1	292-4.png	
2	0	2	0	2	1	2	293-0.png	
2	0	2	2	1	1	2	293-1.png	
2	0	2	0	1	1	2	293-2.png	
2	0	2	2	2	1	2	293-3.png	
1	1	2	0	2	1	2	293-4.png	
2	0	0	0	1	0	1	294-0.png	
2	1	0	0	1	0	1	294-1.png	
1	0	0	0	1	0	5	294-2.png	
2	1	0	0	1	0	5	294-3.png	
2	1	2	2	1	0	6	295-0.png	
2	0	2	2	1	0	5	295-1.png	
2	1	0	1	2	0	2	296-0.png	
2	1	0	1	2	0	2	296-1.png	
0	1	0	1	1	0	2	296-2.png	
0	0	2	2	2	0	2	297-0.png	
0	0	2	0	2	0	2	297-1.png	
0	0	2	0	2	0	2	297-2.png	
2	1	1	0	0	0	3	298-0.png	
2	0	1	0	0	0	3	298-1.png	
2	0	2	0	0	0	3	298-2.png	
2	0	0	2	2	0	3	299-0.png	
2	0	0	1	1	0	3	299-1.png	
2	0	0	1	1	0	3	299-2.png	
0	0	2	2	2	0	2	300-0.png	
0	0	2	2	2	0	2	300-1.png	
2	0	2	2	2	0	6	300-2.png	
2	1	0	2	1	0	3	301-0.png	
1	1	0	1	1	0	2	301-1.png	
2	0	0	2	1	0	6	302-0.png	
2	1	0	2	1	2	5	303-0.png	
0	0	2	0	1	0	2	304-0.png	
2	0	0	2	1	2	1	305-0.png	
0	0	2	2	1	2	3	307-0.png	
0	0	0	2	1	0	4	308-0.png	
2	1	0	1	1	0	3	310-0.png	
2	1	2	0	2	1	3	312-0.png	
0	0	0	1	1	2	2	313-0.png	
0	1	0	1	1	2	4	314-0.png	
2	1	2	2	2	2	3	315-0.png	
2	1	2	2	1	2	2	315-1.png	
2	0	2	2	2	2	4	315-2.png	
0	0	0	2	1	2	3	315-3.png	
0	0	2	2	2	2	3	315-4.png	
2	0	2	0	1	2	3	315-5.png	
0	0	2	2	1	2	3	315-6.png	
2	1	0	1	2	1	5	316-0.png	
0	0	1	0	0	1	6	317-0.png	
2	0	1	0	0	2	1	318-0.png	
1	1	0	2	0	0	2	319-0.png	
2	0	2	2	1	0	1	320-0.png	
2	0	0	2	2	0	1	320-1.png	
2	0	1	0	2	1	6	321-0.png	
2	0	1	0	2	2	1	321-1.png	
2	0	2	2	2	1	5	322-0.png	
0	1	0	2	2	1	2	323-0.png	
2	0	1	0	2	2	1	324-0.png	
2	1	1	0	2	2	1	324-1.png	
1	1	2	2	1	1	5	325-0.png	
0	1	0	2	1	1	6	325-1.png	
2	0	1	0	1	2	5	326-0.png	
2	0	1	0	2	1	2	327-0.png	
2	1	2	0	0	2	0	328-0.png	
2	0	2	0	0	2	0	328-1.png	
2	0	0	2	1	0	5	329-0.png	
2	0	2	2	2	0	5	329-1.png	
0	0	2	0	2	0	5	330-0.png	
0	0	1	0	0	0	5	330-1.png	
2	0	1	0	2	0	5	330-2.png	
2	0	2	0	2	0	5	330-3.png	
2	0	0	2	1	0	2	331-0.png	
2	1	2	2	2	2	3	332-0.png	
2	0	1	0	2	2	3	332-1.png	
2	0	2	0	2	2	3	332-2.png	
2	0	2	0	2	2	3	332-3.png	
2	0	2	0	2	2	3	332-4.png	
0	0	2	0	2	2	3	332-5.png	
1	0	2	0	2	2	3	332-6.png	
2	0	1	0	2	2	3	332-7.png	
1	1	0	2	1	0	5	333-0.png	
0	1	0	2	2	0	5	333-1.png	
2	0	0	2	2	0	1	333-2.png	
2	1	0	2	2	0	6	333-3.png	
2	0	0	2	2	0	6	333-4.png	
2	0	0	2	2	0	6	333-5.png	
2	1	2	2	2	0	6	333-6.png	
0	0	2	2	2	0	6	333-7.png	
2	0	2	2	2	0	6	333-8.png	
0	0	1	0	0	2	6	334-0.png	
1	0	1	0	0	2	6	334-1.png	
0	0	1	0	0	2	6	334-2.png	
2	0	1	0	2	2	6	334-3.png	
0	0	1	0	0	2	5	334-4.png	
0	0	1	0	0	2	5	334-5.png	
2	0	1	0	0	2	5	334-6.png	
2	0	1	0	0	2	5	334-7.png	
2	0	1	0	0	2	6	334-8.png	
0	0	2	2	2	0	2	335-0.png	
0	0	2	2	2	0	2	335-1.png	
0	0	2	0	2	0	2	335-2.png	
0	0	2	0	2	0	2	335-3.png	
0	0	2	2	2	0	2	335-4.png	
0	0	2	2	1	0	2	335-5.png	
0	0	2	0	2	0	2	335-6.png	
2	0	2	0	2	0	2	335-7.png	
2	0	2	2	1	0	6	336-0.png	
0	0	2	2	1	0	6	336-1.png	
0	0	2	2	1	0	6	336-2.png	
2	0	2	2	1	0	6	336-3.png	
0	0	2	2	1	0	5	336-4.png	
0	0	2	2	1	0	6	336-5.png	
2	0	2	2	1	0	6	336-6.png	
0	0	2	2	1	0	6	336-7.png	
2	0	2	2	1	0	6	336-8.png	
2	1	1	0	2	1	1	337-0.png	
0	0	1	0	2	1	0	337-1.png	
2	0	1	0	2	1	1	337-2.png	
0	0	2	0	2	1	0	337-3.png	
2	1	2	0	2	1	0	337-4.png	
0	0	2	0	2	1	0	337-5.png	
0	0	1	0	2	1	1	337-6.png	
0	0	1	0	2	1	0	337-7.png	
0	0	2	2	2	2	0	337-8.png	
2	1	2	2	1	2	2	338-0.png	
2	0	2	2	1	2	2	338-1.png	
0	0	0	2	1	2	2	338-2.png	
0	0	2	2	1	2	2	338-3.png	
0	1	2	2	1	2	2	338-4.png	
0	0	2	2	1	2	3	338-5.png	
2	0	2	2	1	2	2	338-6.png	
0	1	2	2	1	2	2	338-7.png	
2	0	2	2	1	2	2	338-8.png	
0	0	2	0	2	2	5	339-0.png	
0	0	2	0	2	2	5	339-1.png	
0	0	2	0	2	2	6	339-2.png	
2	0	1	0	2	0	2	339-3.png	
0	0	2	0	2	2	5	339-4.png	
0	0	2	0	2	2	6	339-5.png	
2	0	2	2	2	2	6	339-6.png	
0	0	2	0	2	2	6	339-7.png	
0	0	2	0	2	2	6	339-8.png	
2	0	2	0	2	2	6	339-9.png	
2	0	2	0	2	0	2	340-0.png	
0	0	2	0	2	0	2	340-1.png	
2	0	2	0	2	0	2	340-2.png	
2	0	2	0	2	0	2	340-3.png	
2	0	2	0	2	0	2	340-4.png	
2	0	1	0	2	0	2	340-5.png	
0	0	2	0	2	0	2	340-6.png	
2	0	2	0	2	0	2	340-7.png	
2	1	0	2	1	2	3	341-0.png	
0	1	0	2	1	2	3	341-2.png	
0	0	0	2	1	2	3	341-3.png	
2	1	0	2	2	2	3	341-4.png	
2	1	0	2	1	2	3	341-5.png	
2	0	0	2	2	2	2	341-6.png	
0	0	0	2	2	2	3	341-7.png	
2	1	0	2	2	2	3	341-8.png	
2	0	0	2	2	2	3	341-9.png	
2	0	2	2	2	0	1	342-0.png	
2	0	2	0	2	0	1	342-1.png	
2	0	2	2	2	0	1	342-2.png	
2	0	2	2	2	0	1	342-3.png	
2	0	2	2	2	0	1	342-4.png	
2	0	2	2	2	0	1	342-5.png	
0	0	2	2	2	0	1	342-6.png	
2	0	2	2	2	0	1	342-7.png	
2	0	2	2	2	0	1	342-8.png	
0	0	1	0	2	1	2	343-0.png	
0	0	1	0	2	1	2	343-1.png	
0	0	1	0	2	1	2	343-2.png	
2	0	1	0	2	1	2	343-3.png	
2	0	1	0	0	1	2	343-4.png	
0	0	1	0	2	1	2	343-5.png	
0	0	1	0	2	1	2	343-6.png	
2	0	1	0	2	1	2	343-7.png	
0	0	1	0	2	2	2	343-8.png	
2	1	2	2	1	0	3	344-0.png	
2	1	2	2	1	0	3	344-1.png	
2	0	2	0	2	0	3	344-10.png	
0	1	2	2	1	0	3	344-2.png	
0	1	2	2	1	0	3	344-3.png	
1	1	2	2	2	0	3	344-4.png	
2	0	2	0	2	0	3	344-5.png	
2	1	0	2	1	1	4	344-6.png	
1	0	0	2	1	1	4	344-7.png	
2	0	2	0	2	0	3	344-8.png	
0	1	2	0	2	0	3	344-9.png	
2	1	0	2	1	1	4	345-0.png	
1	1	0	2	1	1	4	345-1.png	
2	0	0	2	1	1	4	345-2.png	
2	1	0	2	1	1	4	345-3.png	
2	0	0	2	1	1	4	345-4.png	
2	0	2	2	1	1	4	345-5.png	
2	1	0	2	1	1	4	345-6.png	
0	1	0	2	1	1	4	346-0.png	
0	0	0	2	1	1	4	346-1.png	
0	0	0	2	1	1	4	346-2.png	
0	0	0	2	1	1	4	346-3.png	
0	1	0	2	2	1	4	346-4.png	
0	0	0	2	1	1	4	346-5.png	
2	0	0	2	1	1	4	346-6.png	
0	0	0	2	1	1	4	346-7.png	
2	0	0	2	2	2	4	346-8.png	
2	1	0	2	1	1	5	347-0.png	
0	0	2	2	1	1	5	347-1.png	
2	0	2	2	1	1	5	347-2.png	
2	0	0	2	1	1	5	347-3.png	
2	1	2	2	1	1	5	347-4.png	
0	0	0	2	1	1	5	347-5.png	
0	0	0	2	1	1	5	347-6.png	
0	0	0	2	1	1	5	347-7.png	
2	0	2	2	1	1	5	347-8.png	
2	0	2	2	1	2	1	348-0.png	
2	0	2	0	1	2	1	348-1.png	
2	1	2	2	1	2	1	348-2.png	
2	0	2	2	1	2	1	348-3.png	
2	0	2	0	2	2	1	348-4.png	
2	1	2	0	2	2	1	348-5.png	
2	0	2	0	1	2	1	348-6.png	
2	0	2	0	1	2	1	348-7.png	
0	0	2	0	1	2	1	348-8.png	
0	0	1	0	0	1	5	349-0.png	
0	0	1	0	0	1	5	349-1.png	
2	0	1	0	0	1	5	349-2.png	
2	0	1	0	0	1	5	349-3.png	
2	0	1	0	0	1	5	349-4.png	
2	0	1	0	0	1	5	349-5.png	
0	0	1	0	0	1	5	349-6.png	
2	0	1	0	0	1	5	349-7.png	
2	0	1	0	0	1	5	349-8.png	
2	1	1	0	1	2	4	350-0.png	
2	1	1	0	1	2	4	350-1.png	
2	0	1	0	1	2	4	350-2.png	
2	1	1	0	1	2	4	350-3.png	
2	0	2	2	1	2	1	351-0.png	
2	1	2	2	1	2	1	351-1.png	
2	1	0	2	1	2	1	351-2.png	
2	1	2	2	1	2	1	351-3.png	
0	0	2	2	1	2	1	351-4.png	
2	0	2	2	1	2	3	352-0.png	
2	0	2	2	0	2	3	352-1.png	
2	0	2	2	1	2	3	352-2.png	
1	0	2	2	2	2	4	352-3.png	
0	0	2	0	2	2	3	352-4.png	
2	0	2	2	2	2	5	353-0.png	
2	0	2	0	1	0	5	353-1.png	
2	1	2	2	1	0	2	353-2.png	
2	1	2	2	1	0	2	353-3.png	
1	0	2	2	1	0	2	353-4.png	
2	1	0	2	2	2	5	354-0.png	
1	0	2	2	0	1	5	354-1.png	
2	1	0	2	2	2	1	354-2.png	
2	1	2	2	2	1	1	354-3.png	
2	1	2	2	2	1	1	354-4.png	
2	0	2	0	1	2	4	355-0.png	
2	0	2	0	1	0	4	355-1.png	
2	1	1	0	1	0	4	355-2.png	
2	1	1	0	1	0	4	355-3.png	
2	0	2	0	1	0	4	355-4.png	
0	0	0	2	1	0	3	356-0.png	
0	0	0	2	1	0	3	356-1.png	
2	1	2	2	2	0	2	357-0.png	
2	1	2	2	1	0	2	357-1.png	
2	1	2	0	2	0	2	357-2.png	
0	0	2	2	1	0	2	359-0.png	
0	1	0	2	1	0	2	360-0.png	
1	0	0	1	1	0	6	361-0.png	
2	0	2	0	1	1	2	362-0.png	
2	0	2	0	2	1	5	363-0.png	
0	0	0	1	1	2	1	364-0.png	
0	0	0	2	1	1	5	364-1.png	
2	1	2	2	2	1	3	365-0.png	
2	0	2	0	2	2	5	366-0.png	
0	1	2	0	2	2	1	367-0.png	
2	0	1	0	2	1	4	368-0.png	
2	1	2	0	2	2	5	369-0.png	
2	0	2	2	1	2	1	370-0.png	
2	0	1	0	0	2	3	371-0.png	
2	0	0	2	2	2	4	372-0.png	
2	0	2	0	2	0	4	373-0.png	
0	1	1	0	2	1	2	375-0.png	
0	0	2	2	0	0	6	376-0.png	
2	1	2	0	2	2	5	377-0.png	
2	0	1	0	2	2	6	378-0.png	
2	0	1	0	2	1	1	379-0.png	
0	0	2	0	2	1	1	379-1.png	
2	1	2	0	2	2	3	380-0.png	
2	1	2	0	1	2	3	380-1.png	
2	1	0	1	1	0	3	382-0.png	
0	1	0	2	0	0	3	382-1.png	
2	0	1	0	1	2	0	383-0.png	
1	1	2	2	1	2	0	383-1.png	
2	1	2	2	2	1	2	384-0.png	
0	1	0	2	2	1	2	384-1.png	
2	1	2	2	0	1	5	384-2.png	
2	1	0	2	2	1	2	384-3.png	
0	1	2	2	0	1	2	384-4.png	
0	0	2	2	0	1	6	384-5.png	
0	1	2	2	2	1	6	384-6.png	
0	1	2	2	2	1	2	384-7.png	
2	0	2	0	2	1	6	384-8.png	
0	1	0	2	1	1	6	384-9.png	
1	1	0	2	1	0	3	385-0.png	
2	0	0	2	1	0	3	385-1.png	
2	1	0	2	2	0	3	385-2.png	
2	0	0	2	1	0	3	385-3.png	
2	0	0	2	1	0	3	385-4.png	
1	0	2	2	1	1	4	386-0.png	
0	0	2	2	2	1	4	386-1.png	
2	0	2	2	1	1	4	386-3.png	
2	0	2	0	1	1	4	386-4.png	
2	0	2	2	1	1	4	386-5.png	
1	0	2	2	2	2	3	387-0.png	
2	1	2	0	2	2	4	387-1.png	
2	0	2	2	2	0	3	387-2.png	
2	1	2	0	2	2	4	387-3.png	
2	1	2	2	2	0	3	387-4.png	
1	1	1	0	2	1	4	388-0.png	
1	1	1	0	2	1	4	388-1.png	
1	1	1	0	2	1	4	388-2.png	
1	1	2	0	2	2	1	389-0.png	
2	1	2	2	1	2	1	389-1.png	
2	1	2	0	1	2	1	389-2.png	
0	0	2	2	1	2	1	389-4.png	
2	1	2	0	1	2	1	389-5.png	
2	1	0	2	1	2	2	390-0.png	
1	0	0	2	1	2	2	390-1.png	
2	0	0	2	1	2	2	390-2.png	
1	0	0	2	1	2	2	390-3.png	
1	1	0	2	2	2	2	390-4.png	
2	0	2	0	2	2	3	391-0.png	
1	0	2	0	2	2	3	391-1.png	
1	1	2	0	2	2	3	391-2.png	
1	0	1	0	2	2	3	391-3.png	
2	0	2	0	2	2	3	391-4.png	
1	1	0	2	1	0	2	392-0.png	
1	1	0	2	2	0	2	392-1.png	
1	0	0	2	1	0	2	392-2.png	
1	1	0	2	1	0	2	392-3.png	
2	0	2	2	2	0	2	393-0.png	
2	0	2	2	1	0	2	393-1.png	
2	0	2	0	2	0	2	393-2.png	
1	0	2	0	2	0	6	393-3.png	
2	0	2	0	2	0	6	393-4.png	
2	0	1	0	0	2	3	394-0.png	
0	0	1	0	0	2	3	394-1.png	
0	1	1	0	2	1	5	395-0.png	
2	0	1	2	2	1	4	396-0.png	
2	1	2	2	1	0	3	397-0.png	
2	1	2	2	1	1	4	398-0.png	
0	0	2	0	2	1	1	399-0.png	
2	1	0	2	1	1	2	400-0.png	
2	0	1	0	2	1	0	401-0.png	
0	0	0	2	1	2	2	402-0.png	
0	0	2	2	2	2	6	403-0.png	
2	1	2	2	2	2	6	403-1.png	
2	0	2	0	2	2	5	404-0.png	
0	0	2	0	2	2	1	405-0.png	
2	0	2	0	2	2	1	405-1.png	
2	1	2	2	1	1	1	406-0.png	
2	0	1	0	0	1	5	407-0.png	
2	0	1	0	2	2	6	408-0.png	
2	0	1	0	2	2	5	408-1.png	
0	1	0	2	1	2	2	409-0.png	
0	1	0	1	1	2	2	409-1.png	
0	1	1	0	2	1	6	410-0.png	
0	0	1	0	0	2	2	411-0.png	
0	1	0	2	2	2	2	412-0.png	
2	0	1	0	2	1	5	413-0.png	
2	0	2	2	2	0	5	414-0.png	
0	0	2	2	2	0	5	414-1.png	
0	1	2	0	0	1	2	415-0.png	
0	1	2	2	0	1	2	415-1.png	
2	0	2	0	0	1	2	415-2.png	
0	1	2	0	0	1	2	415-3.png	
2	1	2	0	0	1	2	415-4.png	
2	1	2	2	0	1	2	415-5.png	
0	1	2	0	0	1	2	415-6.png	
1	1	0	2	1	0	2	416-0.png	
0	0	1	0	0	2	3	417-0.png	
0	0	2	2	2	2	3	418-0.png	
2	1	0	1	1	1	3	419-0.png	
2	0	1	0	2	1	4	420-0.png	
2	0	1	0	2	2	4	420-1.png	
2	0	2	0	2	1	3	421-0.png	
1	1	0	1	1	1	1	422-0.png	
0	0	0	1	1	2	2	423-0.png	
2	0	0	2	1	1	5	424-0.png	
2	0	2	0	2	1	3	425-0.png	
2	0	2	2	1	2	3	426-0.png	
0	1	2	0	2	2	2	427-0.png	
0	0	2	0	2	1	1	428-0.png	
2	0	0	2	2	2	5	429-0.png	
2	1	0	2	2	1	1	430-0.png	
2	1	2	2	1	2	4	431-0.png	
2	0	1	0	2	1	4	432-0.png	
2	0	2	0	2	1	3	433-0.png	
2	1	1	0	2	2	4	434-0.png	
2	0	1	0	0	1	4	435-0.png	
2	0	1	0	2	1	0	436-0.png	
2	0	0	2	1	2	6	439-0.png	
1	1	0	2	1	2	6	439-1.png	
2	0	2	2	0	0	6	440-0.png	
1	1	2	2	1	2	6	441-0.png	
2	0	2	0	2	1	2	442-0.png	
2	0	2	0	2	1	2	442-1.png	
2	0	0	2	1	0	2	443-0.png	
2	0	0	2	1	0	3	443-1.png	
2	0	1	0	2	1	6	444-0.png	
2	0	1	0	2	1	6	444-1.png	
2	0	2	0	2	2	2	445-0.png	
2	0	2	0	2	2	2	445-1.png	
2	1	0	2	2	1	2	446-0.png	
2	1	0	2	2	2	2	446-1.png	
0	1	2	2	1	1	5	447-0.png	
1	1	2	2	1	1	5	447-1.png	
2	0	2	0	2	2	1	448-0.png	
0	0	2	0	2	2	5	448-1.png	
0	0	2	2	1	1	2	449-0.png	
0	0	2	2	1	1	2	449-1.png	
0	1	2	2	2	2	1	450-0.png	
0	0	2	2	2	2	1	450-1.png	
0	0	2	2	0	2	2	451-0.png	
1	1	0	2	2	2	2	451-1.png	
0	0	0	2	1	2	6	452-0.png	
2	0	2	2	1	0	6	452-1.png	
0	0	2	2	1	2	6	453-0.png	
1	0	0	2	1	2	5	453-1.png	
2	0	2	0	2	1	2	454-0.png	
0	0	2	0	2	1	2	454-1.png	
2	0	2	0	2	1	2	454-2.png	
2	0	2	0	2	1	2	454-3.png	
2	0	2	0	2	1	2	454-4.png	
2	0	2	2	1	1	2	455-0.png	
0	0	2	2	1	1	2	455-1.png	
2	0	0	2	1	1	2	455-2.png	
0	0	2	2	1	1	2	455-3.png	
2	0	2	2	1	1	2	455-4.png	
1	0	2	2	0	1	3	456-0.png	
1	0	2	2	0	1	3	456-1.png	
1	0	2	2	0	1	3	456-2.png	
1	1	0	2	0	1	3	456-3.png	
2	1	0	2	0	1	3	456-4.png	
2	1	0	1	1	2	4	457-0.png	
2	0	2	2	1	0	1	458-0.png	
2	0	2	0	1	2	1	458-1.png	
2	0	2	2	1	2	1	458-2.png	
2	0	2	2	2	1	3	459-0.png	
2	0	2	2	2	2	3	460-0.png	
1	1	0	1	1	1	4	461-0.png	
0	0	1	0	2	1	2	462-0.png	
2	0	1	0	0	1	1	463-0.png	
2	0	2	0	0	1	6	464-0.png	
2	0	2	2	2	1	2	465-0.png	
0	0	2	0	1	2	2	466-0.png	
2	0	1	0	0	1	1	467-0.png	
2	0	2	0	2	2	3	468-0.png	
2	1	0	2	1	2	1	469-0.png	
2	0	1	0	2	1	3	470-0.png	
0	1	0	2	1	1	2	471-0.png	
2	1	0	2	1	1	6	472-0.png	
2	1	2	2	2	1	4	473-0.png	
2	0	2	0	1	1	4	474-0.png	
2	1	2	0	1	1	4	475-0.png	
0	0	2	0	2	2	1	476-0.png	
2	1	0	2	1	1	1	477-0.png	
0	0	0	2	1	1	5	478-0.png	
2	0	1	0	2	2	6	479-0.png	
2	0	0	2	1	2	2	480-0.png	
0	0	0	2	1	2	2	480-1.png	
2	0	2	0	2	2	6	481-0.png	
2	0	2	0	2	2	2	481-1.png	
2	0	2	0	2	2	3	482-0.png	
0	0	1	0	0	2	3	482-1.png	
2	0	0	2	1	0	4	483-0.png	
2	0	0	2	2	0	4	483-1.png	
1	0	1	0	2	2	2	484-0.png	
2	0	1	0	2	2	2	484-1.png	
0	1	0	2	2	2	6	485-0.png	
1	1	2	0	2	2	1	486-0.png	
2	0	2	0	1	2	1	486-1.png	
2	0	1	0	2	1	3	487-0.png	
2	0	2	0	2	1	6	487-1.png	
0	0	1	0	2	2	5	488-0.png	
0	0	1	0	2	2	5	488-1.png	
2	1	2	2	2	2	0	489-0.png	
2	0	2	2	2	2	0	489-1.png	
1	0	1	0	2	2	4	490-0.png	
0	0	1	0	2	2	4	490-1.png	
2	0	2	2	1	1	2	491-0.png	
0	0	2	2	1	1	2	491-1.png	
0	0	1	0	2	1	2	492-0.png	
2	1	2	0	2	2	2	492-1.png	
2	0	2	2	2	0	5	493-0.png	
2	0	2	2	2	0	5	493-1.png	
0	1	2	0	0	2	6	494-0.png	
0	0	2	0	2	2	6	494-1.png	
0	0	2	2	1	0	6	495-0.png	
0	0	2	0	2	2	2	495-1.png	
0	0	2	0	2	0	2	495-2.png	
2	0	0	2	2	2	2	496-0.png	
2	0	0	2	2	2	2	496-1.png	
1	0	2	2	2	2	2	496-2.png	
1	1	0	2	2	2	2	496-3.png	
0	1	0	1	1	2	5	497-0.png	
2	0	0	1	1	1	5	497-1.png	
2	0	0	1	1	1	5	497-2.png	
2	0	0	1	1	1	1	497-3.png	
0	0	2	2	1	1	1	498-0.png	
2	0	2	2	1	1	0	498-1.png	
2	1	2	2	1	1	1	498-2.png	
2	1	2	2	1	1	1	498-3.png	
0	1	2	2	1	1	1	498-4.png	
2	1	0	2	2	1	2	499-0.png	
2	1	0	2	2	1	2	500-0.png	
0	1	0	2	1	2	3	501-0.png	
0	1	1	0	2	1	5	502-0.png	
2	0	2	0	1	2	2	503-0.png	
1	0	2	2	1	2	3	504-0.png	
2	0	0	2	2	0	2	505-0.png	
0	1	0	2	1	1	2	506-0.png	
2	1	0	2	1	1	6	508-0.png	
2	1	0	2	1	1	2	509-0.png	
2	0	2	2	2	2	1	510-0.png	
2	0	1	0	2	1	3	511-0.png	
0	1	0	2	2	2	2	512-0.png	
1	1	0	2	1	1	2	513-0.png	
2	1	0	2	2	1	2	513-1.png	
2	1	2	0	0	0	3	514-0.png	
0	1	0	1	1	0	6	514-1.png	
1	1	0	2	1	2	6	515-0.png	
0	1	2	2	2	2	6	516-0.png	
0	0	0	2	2	2	1	517-0.png	
0	1	2	0	1	1	1	518-0.png	
2	1	2	2	1	2	3	519-0.png	
0	1	2	0	2	1	3	520-0.png	
0	1	0	1	1	1	2	521-0.png	
0	1	0	0	2	2	1	522-0.png	
2	1	2	2	2	2	2	523-0.png	
1	1	0	1	1	2	3	524-0.png	
0	0	0	2	1	1	4	525-0.png	
2	1	0	1	1	2	3	526-0.png	
2	0	2	0	2	0	4	527-0.png	
0	0	2	0	2	2	3	527-1.png	
2	1	0	2	1	2	5	528-0.png	
0	0	2	0	1	2	4	529-0.png	
2	0	2	2	2	0	4	530-0.png	
0	0	2	0	2	1	5	531-0.png	
2	1	2	2	1	2	0	532-0.png	
2	0	2	2	2	2	2	533-0.png	
0	0	0	2	2	2	4	534-0.png	
2	0	0	2	2	0	3	535-0.png	
2	0	0	2	1	2	3	536-0.png	
0	0	2	0	2	2	2	537-0.png	
2	0	2	0	2	1	5	538-0.png	
2	0	2	2	1	2	6	539-0.png	
2	1	2	0	2	2	3	540-0.png	
0	0	0	2	1	2	2	541-0.png	
0	0	0	2	2	1	6	542-0.png	
0	1	0	2	2	1	6	542-1.png	
2	0	1	0	2	2	5	543-0.png	
2	0	2	0	2	2	2	544-0.png	
2	0	2	2	2	2	2	544-1.png	
2	0	2	0	2	2	2	544-2.png	
2	0	2	0	2	2	2	544-3.png	
2	0	2	0	2	2	2	544-4.png	
2	1	0	1	1	2	1	545-0.png	
2	1	0	1	1	2	1	545-1.png	
0	0	0	1	1	2	1	545-2.png	
2	0	0	1	1	2	1	545-3.png	
0	0	0	2	2	2	2	546-0.png	
2	0	0	2	2	2	3	546-1.png	
2	0	2	2	2	2	2	546-2.png	
2	1	2	0	2	2	3	546-3.png	
0	0	2	2	2	2	3	546-4.png	
2	1	0	2	1	2	3	547-0.png	
2	0	0	2	1	2	3	547-1.png	
2	0	0	2	2	2	3	547-2.png	
0	1	0	2	1	2	3	547-3.png	
2	0	0	2	1	2	3	547-4.png	
2	0	1	0	2	1	2	548-0.png	
2	0	1	0	2	1	2	548-1.png	
2	0	1	0	2	1	2	548-2.png	
2	0	1	0	2	1	2	548-3.png	
0	0	1	0	2	1	2	548-4.png	
2	0	2	2	2	0	2	549-0.png	
0	0	0	2	2	0	2	549-1.png	
2	0	2	0	2	0	2	549-2.png	
2	0	2	2	2	0	2	549-3.png	
0	1	2	0	2	0	2	549-4.png	
2	0	2	0	1	0	2	550-0.png	
0	0	2	0	2	2	2	550-1.png	
2	0	2	0	1	2	2	550-2.png	
0	0	1	0	2	2	6	550-3.png	
2	0	1	0	2	2	2	550-4.png	
2	0	1	0	0	1	4	551-0.png	
2	0	1	0	0	1	4	551-1.png	
2	0	1	0	0	1	4	551-2.png	
0	0	1	0	0	1	4	551-3.png	
0	1	1	0	0	1	4	551-4.png	
2	0	1	0	0	1	4	551-5.png	
2	0	1	0	0	1	4	551-6.png	
0	0	1	0	2	1	4	551-7.png	
2	0	1	0	0	1	4	551-8.png	
0	0	1	0	0	1	4	551-9.png	
2	0	2	0	1	0	1	552-0.png	
2	0	2	2	2	0	1	552-1.png	
2	0	2	0	2	0	1	552-2.png	
0	0	2	2	1	0	1	552-3.png	
0	0	2	0	2	0	1	552-4.png	
0	0	2	0	2	0	1	552-5.png	
2	0	2	0	2	0	1	552-6.png	
0	0	2	2	2	0	1	552-7.png	
0	0	2	2	2	0	1	552-8.png	
2	0	2	2	2	0	1	552-9.png	
0	1	2	2	2	1	3	553-0.png	
0	1	2	2	2	1	3	553-1.png	
0	1	2	2	2	2	4	554-0.png	
0	1	0	2	1	2	3	555-0.png	
0	1	0	2	1	2	2	555-1.png	
2	1	2	2	1	2	3	555-2.png	
2	1	1	0	2	1	3	556-0.png	
0	1	0	2	2	2	4	558-0.png	
0	1	2	0	2	2	6	559-0.png	
0	1	1	0	2	2	6	559-1.png	
2	0	2	0	1	0	5	560-0.png	
0	0	2	0	1	0	1	560-1.png	
1	0	0	2	2	1	6	561-0.png	
2	1	2	0	2	2	6	561-1.png	
0	0	2	2	0	0	2	562-0.png	
0	0	2	0	0	0	3	562-1.png	
0	0	0	2	1	2	3	563-0.png	
2	1	2	2	1	2	3	563-1.png	
2	0	2	2	2	1	3	564-0.png	
0	1	2	0	2	1	3	565-0.png	
2	0	2	0	2	1	3	566-0.png	
0	0	2	2	1	1	5	567-0.png	
2	0	0	2	1	1	5	567-1.png	
2	0	2	2	1	1	5	567-2.png	
2	1	2	2	2	2	6	567-3.png	
2	0	0	2	1	1	5	567-4.png	
2	0	2	2	2	1	5	567-5.png	
0	1	0	2	1	0	3	568-0.png	
1	0	1	0	2	2	2	569-0.png	
0	1	0	2	1	1	2	570-0.png	
2	0	2	0	1	2	4	571-0.png	
2	0	2	0	2	2	2	572-0.png	
2	0	1	0	2	2	6	573-0.png	
2	0	1	0	2	0	2	574-0.png	
0	1	0	2	2	0	5	575-0.png	
2	0	1	0	2	2	1	576-0.png	
2	0	0	2	2	1	2	577-0.png	
2	0	0	1	1	1	5	577-1.png	
0	0	2	0	2	2	3	578-0.png	
2	0	1	0	0	2	4	579-0.png	
2	0	2	2	2	0	4	580-0.png	
0	0	2	2	0	2	4	581-0.png	
2	1	0	2	1	2	5	582-0.png	
2	1	0	2	1	2	1	582-1.png	
2	1	0	2	1	2	1	582-2.png	
0	1	0	2	1	2	1	582-3.png	
2	0	0	2	1	1	1	582-4.png	
2	1	0	2	1	2	2	583-0.png	
1	1	0	2	1	2	2	583-1.png	
0	1	0	1	1	2	3	583-2.png	
2	1	0	2	1	2	3	583-3.png	
0	1	0	1	1	2	2	583-4.png	
0	1	2	2	2	1	2	584-0.png	
0	0	2	2	2	1	2	584-1.png	
0	1	2	2	2	1	2	584-2.png	
2	1	2	2	2	1	2	584-3.png	
0	0	2	2	2	1	2	584-4.png	
2	0	0	2	2	2	1	585-0.png	
1	1	0	2	2	2	1	585-1.png	
2	0	2	2	2	2	5	585-2.png	
2	1	0	2	1	2	1	585-3.png	
0	0	0	2	2	2	1	585-4.png	
2	0	2	2	1	0	2	586-0.png	
2	0	0	2	1	0	2	586-1.png	
0	0	0	1	1	0	2	586-2.png	
2	0	0	1	1	0	2	586-3.png	
0	0	2	0	2	2	2	587-0.png	
0	0	2	0	2	2	6	587-1.png	
0	0	2	0	2	2	6	587-2.png	
2	0	2	0	2	2	6	587-3.png	
2	0	2	0	2	2	6	588-0.png	
2	0	2	0	2	2	5	588-1.png	
0	0	1	0	0	2	5	588-2.png	
0	0	2	0	2	2	6	588-3.png	
0	0	1	0	2	2	5	588-4.png	
0	0	1	0	0	2	5	588-5.png	
0	0	1	0	0	2	5	588-6.png	
0	0	2	0	0	2	6	588-7.png	
0	0	1	0	2	2	6	588-8.png	
2	0	1	0	2	2	5	588-9.png	
1	1	1	0	0	2	3	589-0.png	
2	0	1	0	2	1	4	590-0.png	
0	0	2	0	2	1	3	591-0.png	
0	0	2	0	2	1	4	592-0.png	
0	0	2	2	1	2	1	593-0.png	
2	0	2	2	1	1	4	594-0.png	
1	0	2	0	2	1	3	595-0.png	
0	1	0	1	1	1	1	596-0.png	
0	0	0	2	1	1	5	597-0.png	
0	0	2	2	1	2	4	598-0.png	
2	0	2	2	2	2	4	598-1-.png	
0	0	2	0	1	2	1	599-0.png	
0	0	2	0	1	2	1	599-1.png	
0	0	1	0	2	2	3	600-0.png	
2	0	2	2	1	2	3	601-0.png	
0	0	0	2	2	2	2	602-0.png	
2	0	0	2	2	2	3	603-0.png	
0	1	0	2	2	2	6	604-0.png	
0	0	2	2	1	2	3	605-0.png	
2	0	2	0	2	2	1	606-0.png	
0	0	2	2	2	1	3	607-0.png	
0	0	2	0	2	1	1	608-0.png	
0	1	0	2	2	2	2	609-0.png	
2	0	2	0	2	1	2	610-0.png	
0	1	0	1	1	0	1	611-0.png	
0	0	2	0	2	0	1	612-0.png	
0	0	1	0	0	1	1	613-0.png	
2	1	2	0	2	2	0	614-0.png	
0	0	2	0	2	1	5	615-0.png	
2	0	0	2	1	1	2	616-0.png	
0	0	0	2	2	1	6	617-0.png	
0	0	2	2	1	1	3	618-0.png	
0	0	1	0	2	1	6	619-0.png	
2	0	2	2	1	1	4	620-0.png	
0	0	1	0	2	1	1	621-0.png	
2	0	1	0	1	1	6	622-0.png	
2	0	1	0	0	1	4	623-0.png	
1	0	0	2	1	2	5	624-0.png	
2	0	0	2	1	2	3	625-0.png	
2	0	0	2	1	0	2	626-0.png	
2	1	2	2	2	0	2	627-0.png	
2	0	2	0	2	1	2	628-0.png	
0	0	0	2	1	0	0	629-0.png	
0	0	1	0	2	1	1	630-0.png	
1	0	0	2	1	0	3	631-0.png	
2	0	1	0	2	2	6	632-0.png	
1	0	2	0	2	2	4	633-0.png	
2	0	0	2	2	2	3	634-0.png	
1	1	0	2	2	2	4	634-1.png	
1	0	0	2	2	2	3	634-2.png	
2	1	0	2	0	2	3	634-3.png	
0	1	0	2	1	2	3	634-4.png	
2	1	0	2	0	2	3	634-5.png	
0	1	0	2	1	2	3	634-6.png	
2	1	0	1	2	2	3	634-7.png	
2	0	0	2	2	2	3	634-8.png	
2	0	2	0	2	2	2	635-0.png	
0	0	2	0	2	2	2	635-1.png	
0	0	2	0	2	2	2	635-2.png	
2	1	2	0	2	2	2	635-3.png	
2	0	2	0	2	2	2	635-4.png	
0	0	2	0	2	2	2	635-5.png	
0	0	1	0	2	2	2	635-6.png	
0	0	2	0	2	1	2	635-7.png	
2	0	2	0	2	2	2	635-8.png	
0	0	2	0	2	2	2	635-9.png	
2	1	0	2	1	1	2	636-0.png	
0	0	2	0	2	2	2	637-0.png	
0	0	2	0	0	2	4	638-0.png	
2	1	0	2	1	2	4	639-0.png	
2	1	0	2	1	2	4	640-0.png	
0	0	2	2	1	2	1	641-0.png	
0	0	0	2	1	1	5	642-0.png	
2	1	0	1	1	2	5	643-0.png	
0	1	0	2	1	2	3	644-0.png	
0	0	2	2	1	2	3	645-0.png	
2	1	0	1	1	2	3	648-0.png	
2	1	0	1	1	2	4	649-0.png	
0	1	2	0	2	2	5	650-0.png	
0	0	2	2	2	2	2	651-0.png	
2	0	2	0	2	2	5	652-0.png	
2	0	1	0	0	1	3	653-0.png	
1	1	0	2	1	2	4	654-0.png	
2	1	2	0	2	2	4	655-0.png	
0	0	2	0	2	2	2	658-0.png	
1	0	2	0	2	1	2	658-1.png	
0	1	0	2	1	2	2	659-0.png	
0	0	2	0	2	1	5	660-0.png	
2	1	0	2	1	1	2	661-0.png	
2	0	2	0	2	2	3	662-0.png	
2	1	0	2	1	1	2	663-0.png	
2	1	2	0	2	1	2	664-0.png	
2	1	0	2	1	2	4	665-0.png	
2	0	2	0	2	1	2	666-0.png	
2	0	2	0	2	1	5	667-0.png	
0	1	2	0	2	2	2	668-0.png	
0	0	1	0	2	1	1	669-0.png	
2	0	0	2	2	2	2	670-0.png	
1	1	0	1	1	2	2	670-1.png	
2	0	0	2	1	2	2	670-2.png	
0	1	0	2	2	2	2	670-3.png	
0	1	0	2	2	2	2	670-4.png	
0	0	0	2	2	2	2	670-5.png	
0	0	0	2	2	2	2	670-6.png	
0	1	0	2	2	2	2	670-7.png	
1	1	0	1	2	2	2	670-8.png	
2	0	0	2	2	2	2	670-9.png	
0	0	1	0	0	1	5	671-0.png	
0	0	1	0	2	1	5	671-1.png	
0	0	2	0	2	2	5	671-10.png	
0	0	1	0	2	1	5	671-2.png	
0	0	1	0	2	1	5	671-4.png	
0	0	1	0	2	2	5	671-5.png	
0	0	1	0	2	2	5	671-6.png	
0	0	1	0	2	1	6	671-7.png	
2	0	1	0	2	1	6	671-8.png	
0	0	1	0	2	2	5	671-9.png	
1	1	0	2	2	2	2	672-0.png	
