-0.39	5.7	12.29	4.37	2.46	171.38	-15.0	000-0.png	
0.05	3.07	17.29	2.89	1.74	194.71	-15.0	000-1.png	
-1.1	2.02	16.36	3.14	1.65	170.29	-15.0	000-10.png	
-0.01	1.91	15.73	3.32	1.6	165.56	180.0	000-11.png	
-0.0	2.1	15.7	3.25	1.69	171.55	-15.0	000-12.png	
-0.27	2.14	16.33	3.16	1.54	174.16	-15.0	000-13.png	
0.29	2.62	14.1	3.82	1.93	170.93	-15.0	000-14.png	
-0.06	2.8	14.3	3.58	1.92	171.9	-15.0	000-15.png	
0.11	2.43	14.0	3.78	1.78	171.28	180.0	000-16.png	
-0.19	2.74	13.88	3.79	1.95	169.14	-15.0	000-17.png	
0.13	2.8	14.63	3.94	1.93	167.94	-15.0	000-18.png	
-0.39	3.08	14.6	3.66	1.92	169.14	-15.0	000-19.png	
-0.16	1.96	17.36	2.94	1.38	182.99	-15.0	000-2.png	
-0.26	2.22	15.33	3.41	1.76	169.25	-15.0	000-20.png	
-0.47	2.7	14.8	3.56	1.69	170.08	-15.0	000-21.png	
-1.04	2.68	14.56	3.58	1.66	171.68	-15.0	000-22.png	
-0.76	3.54	13.0	4.04	1.77	162.82	-15.0	000-23.png	
-0.33	3.04	14.82	3.62	1.91	158.97	-15.0	000-24.png	
-0.23	2.63	14.82	3.58	1.74	168.45	-15.0	000-25.png	
-0.02	3.29	14.0	3.81	1.72	167.25	-15.0	000-26.png	
-0.7	2.73	15.0	3.59	1.76	160.74	-15.0	000-27.png	
-0.06	2.32	13.8	3.84	1.73	158.26	-15.0	000-28.png	
-0.05	1.36	16.22	3.16	1.42	164.27	180.0	000-29.png	
-0.34	2.08	17.8	2.83	1.59	174.77	-15.0	000-3.png	
-0.18	4.85	12.78	4.33	2.17	184.84	-15.0	000-30.png	
-0.32	4.37	11.67	4.73	1.77	176.29	-30.0	000-31.png	
-0.29	3.13	13.09	4.22	1.82	170.67	-15.0	000-32.png	
-0.1	4.49	12.7	4.3	2.07	166.81	-15.0	000-33.png	
0.19	3.07	13.67	3.05	2.27	164.55	-30.0	000-34.png	
-0.33	5.46	13.38	3.99	1.99	167.18	-15.0	000-35.png	
0.03	5.74	13.25	4.03	2.05	161.88	-15.0	000-36.png	
-0.04	4.52	11.5	4.88	2.2	160.74	-30.0	000-37.png	
-0.44	5.84	10.63	5.29	2.65	160.61	-15.0	000-38.png	
-0.39	3.68	12.5	4.46	2.1	164.55	-15.0	000-39.png	
-0.22	1.63	19.0	2.63	1.54	174.41	-15.0	000-4.png	
-0.52	4.63	11.67	4.76	1.81	158.96	-30.0	000-40.png	
0.37	4.63	12.09	4.58	2.03	157.75	-15.0	000-41.png	
0.18	3.91	12.27	4.52	1.97	158.17	-15.0	000-42.png	
0.11	4.48	12.27	4.56	1.97	162.14	-30.0	000-43.png	
-0.02	3.49	11.18	5.02	1.91	157.96	-15.0	000-44.png	
-0.13	2.07	11.13	4.98	2.12	148.5	-15.0	000-45.png	
-0.35	5.37	11.56	4.88	2.39	166.11	-15.0	000-46.png	
0.23	4.71	12.1	4.65	2.19	161.5	-15.0	000-47.png	
0.26	2.42	12.8	4.29	1.94	158.19	-15.0	000-48.png	
-0.05	4.16	12.5	4.81	2.09	152.04	-15.0	000-49.png	
-0.41	1.56	16.63	3.06	1.77	173.65	-15.0	000-5.png	
0.0	4.83	11.8	4.77	1.99	147.98	-15.0	000-50.png	
0.21	3.17	12.64	4.4	2.04	147.14	-30.0	000-51.png	
-0.27	3.2	12.18	4.57	1.93	146.55	-30.0	000-52.png	
-0.21	4.86	11.11	5.79	2.2	143.31	-15.0	000-53.png	
0.21	4.12	11.89	4.73	2.21	143.97	-30.0	000-54.png	
-0.64	7.08	10.88	5.06	2.28	146.71	-30.0	000-55.png	
-0.11	5.35	10.1	5.77	2.62	144.07	-15.0	000-56.png	
-0.08	5.15	13.2	4.18	1.77	145.15	-15.0	000-57.png	
0.42	4.32	11.8	4.76	2.09	164.7	-15.0	000-58.png	
-0.2	2.35	16.2	3.2	1.78	171.13	-15.0	000-6.png	
-0.55	2.21	17.64	2.89	1.62	170.58	-15.0	000-7.png	
-0.15	2.26	15.5	3.59	1.58	170.39	-15.0	000-8.png	
-0.4	1.88	17.56	2.91	1.55	170.21	-15.0	000-9.png	
0.12	3.46	13.0	4.41	2.37	145.7	-5.0	001-0.png	
-0.27	7.39	12.86	4.41	1.94	147.34	-5.0	001-1.png	
0.05	6.22	11.9	4.86	2.13	188.41	45.0	002-0.png	
-0.14	2.79	20.78	2.4	1.45	152.75	15.0	003-0.png	
0.37	3.76	20.75	2.39	1.02	150.24	15.0	003-1.png	
-0.34	3.11	11.89	4.78	1.71	125.5	30.0	004-0.png	
0.29	0.93	20.43	2.27	0.7	158.16	180.0	005-0.png	
0.06	0.05	19.25	2.56	0.69	158.88	180.0	005-1.png	
-0.07	0.65	21.56	1.17	1.05	166.43	15.0	006-0.png	
0.38	1.02	17.6	2.9	1.26	153.74	-5.0	007-0.png	
-0.14	0.74	18.83	2.27	1.29	154.0	-5.0	007-1.png	
0.37	4.59	17.0	3.18	1.9	128.69	30.0	008-0.png	
0.16	2.95	17.6	3.01	1.19	130.74	30.0	008-1.png	
-0.22	6.53	14.56	3.54	1.78	164.84	30.0	009-0.png	
-0.27	4.43	14.67	3.63	1.52	163.75	15.0	009-1.png	
0.09	5.24	17.0	3.03	1.52	190.79	0.0	010-0.png	
0.17	3.72	17.22	2.96	1.45	188.69	180.0	010-1.png	
0.22	3.38	13.33	4.38	1.52	138.47	180.0	011-0.png	
0.33	3.26	16.25	3.48	2.05	150.63	180.0	011-1.png	
-0.17	0.99	17.2	3.16	2.15	170.31	15.0	012-0.png	
-0.25	2.43	17.73	2.99	1.54	172.58	30.0	012-1.png	
0.14	2.89	20.44	2.42	0.91	159.96	30.0	014-0.png	
0.09	0.24	24.56	1.82	0.78	158.15	30.0	014-1.png	
0.68	3.44	21.5	2.4	1.75	140.87	30.0	015-0.png	
0.07	1.08	17.56	3.09	2.23	156.54	15.0	016-0.png	
-0.16	0.93	20.5	2.54	2.17	156.5	15.0	016-1.png	
0.52	0.74	18.82	2.88	1.96	157.36	15.0	016-2.png	
-0.24	4.58	22.25	2.02	1.02	197.91	15.0	017-0.png	
-0.68	0.84	25.1	1.78	0.86	198.2	15.0	017-1.png	
-0.14	3.24	24.09	1.82	0.9	199.07	15.0	017-2.png	
-0.15	2.6	14.6	3.84	1.36	150.1	15.0	018-0.png	
-0.15	1.08	15.75	3.42	1.59	146.41	15.0	018-1.png	
0.28	0.38	21.0	2.42	0.7	187.1	30.0	019-0.png	
0.23	1.61	21.13	2.21	0.64	195.75	30.0	019-1.png	
0.21	0.45	20.11	2.47	0.7	195.79	30.0	019-2.png	
-0.02	2.64	13.64	4.25	1.48	167.9	-5.0	020-0.png	
0.19	1.05	15.25	3.42	1.06	135.13	45.0	021-0.png	
0.33	3.06	17.64	2.92	0.84	151.11	30.0	022-0.png	
0.32	0.07	13.88	3.93	1.28	155.12	30.0	023-0.png	
0.29	3.51	19.4	2.54	1.94	157.71	0.0	024-0.png	
-0.61	3.15	11.13	5.07	1.55	140.0	15.0	025-0.png	
-0.72	4.65	11.83	4.69	1.45	139.59	15.0	025-1.png	
-0.17	3.52	11.38	5.03	1.58	137.51	15.0	025-2.png	
-0.61	6.4	13.44	4.07	1.3	140.2	15.0	025-3.png	
-0.48	2.87	11.86	4.63	1.55	139.01	15.0	025-4.png	
-0.23	1.46	17.1	3.08	1.15	187.98	15.0	026-0.png	
0.06	2.58	17.86	2.73	1.05	187.67	30.0	026-1.png	
0.34	3.17	18.0	2.89	1.06	186.87	15.0	026-2.png	
-0.39	1.38	18.88	2.62	1.1	188.1	15.0	026-3.png	
-0.02	2.37	18.56	2.71	1.12	186.9	15.0	026-4.png	
-0.13	1.82	12.63	4.43	1.46	135.4	-15.0	027-0.png	
-0.0	4.43	17.83	2.83	0.85	130.86	30.0	028-0.png	
0.02	6.06	16.5	3.05	1.56	136.83	180.0	029-0.png	
-0.08	2.14	22.88	2.11	1.4	134.6	180.0	030-0.png	
0.22	3.58	24.86	1.78	0.62	131.86	15.0	031-0.png	
0.54	2.13	16.0	3.39	1.58	170.09	180.0	032-0.png	
0.13	6.47	17.0	2.91	1.16	192.11	0.0	033-0.png	
0.43	4.15	8.67	7.78	1.95	132.51	15.0	034-0.png	
0.03	2.07	14.0	3.71	2.0	180.48	180.0	035-0.png	
0.05	2.33	16.29	3.24	1.34	165.08	-5.0	036-0.png	
-0.28	3.48	13.5	4.14	1.81	146.98	15.0	037-0.png	
-0.53	4.22	12.79	4.04	2.11	149.25	15.0	037-1.png	
0.08	1.53	13.73	4.07	1.47	146.9	15.0	037-2.png	
-0.38	2.61	13.4	3.82	1.59	143.99	15.0	037-3.png	
-0.3	2.03	14.3	3.87	1.53	146.29	15.0	037-4.png	
-0.16	0.81	22.25	2.16	0.99	136.41	180.0	038-0.png	
0.52	1.26	16.64	3.21	1.28	147.99	45.0	039-0.png	
-0.12	5.34	17.78	2.77	1.12	169.97	45.0	040-0.png	
-0.0	1.72	19.75	2.41	0.87	171.38	45.0	041-0.png	
0.31	1.08	14.78	3.58	1.34	180.72	180.0	042-0.png	
0.46	0.27	22.22	2.27	1.13	161.66	30.0	043-0.png	
0.32	1.78	16.33	3.18	1.14	150.1	30.0	044-0.png	
0.06	2.63	25.08	1.52	1.37	184.61	30.0	045-0.png	
-0.06	0.99	12.18	4.67	1.58	169.09	15.0	046-0.png	
0.24	0.05	20.0	2.55	1.32	121.01	180.0	047-0.png	
0.26	3.01	13.3	4.15	1.85	189.18	-30.0	048-0.png	
0.08	1.48	14.88	3.61	1.57	188.8	180.0	049-0.png	
0.6	2.11	15.63	3.41	1.01	167.22	-15.0	050-0.png	
-0.39	1.94	20.57	2.33	0.95	195.53	30.0	051-0.png	
0.16	1.68	22.0	2.16	1.17	194.49	0.0	052-0.png	
0.03	2.87	24.36	1.79	1.11	190.53	-15.0	053-0.png	
0.09	0.26	23.42	2.0	0.8	176.9	-5.0	054-0.png	
0.28	8.54	12.3	4.67	1.05	147.95	45.0	055-0.png	
0.17	1.32	20.43	2.77	0.76	122.22	-15.0	056-0.png	
0.85	1.91	20.43	2.41	0.96	184.83	-5.0	058-0.png	
0.68	2.12	18.38	2.73	1.01	184.52	-5.0	058-1.png	
0.29	1.69	21.3	2.36	0.82	184.57	-5.0	058-2.png	
0.82	1.3	23.89	1.88	0.8	183.88	-15.0	058-3.png	
0.37	3.85	20.0	2.46	0.8	181.89	15.0	059-0.png	
0.35	3.38	21.0	2.27	0.72	180.36	15.0	059-1.png	
-0.14	3.02	23.14	1.99	0.74	182.74	15.0	059-2.png	
0.21	4.54	20.5	2.33	0.73	181.17	15.0	059-3.png	
0.34	4.66	13.3	4.19	1.66	151.96	15.0	060-0.png	
0.34	4.21	12.6	4.44	1.76	155.66	15.0	060-1.png	
0.06	4.44	13.3	4.22	1.66	152.76	15.0	060-2.png	
0.34	2.42	11.56	4.76	1.89	152.47	15.0	060-3.png	
0.3	2.13	18.75	2.71	1.12	179.12	15.0	061-0.png	
1.02	1.64	18.29	2.98	1.25	177.58	15.0	061-1.png	
0.01	1.53	17.0	3.18	1.21	177.78	15.0	061-2.png	
0.15	0.94	17.0	3.11	2.03	178.04	15.0	061-3.png	
-0.35	0.61	13.13	4.41	2.84	137.04	15.0	062-0.png	
0.84	2.92	12.0	4.95	2.96	138.95	15.0	062-1.png	
0.13	3.25	9.55	6.37	3.09	143.45	180.0	062-2.png	
0.45	5.41	14.6	3.79	2.16	175.68	180.0	063-0.png	
0.55	3.71	15.1	3.64	1.76	178.48	180.0	063-1.png	
0.24	6.21	14.5	3.88	1.97	178.33	180.0	063-2.png	
0.57	1.71	15.18	3.63	1.32	158.92	5.0	064-0.png	
-0.32	0.96	15.56	3.5	1.51	159.9	15.0	064-1.png	
0.08	0.27	15.09	3.63	1.55	159.74	5.0	064-2.png	
-0.18	0.9	15.56	3.51	1.46	159.35	180.0	064-3.png	
0.09	2.41	14.5	2.61	1.27	144.0	0.0	065-0.png	
0.37	2.97	16.14	3.22	1.05	140.31	-5.0	065-1.png	
0.76	0.7	15.63	3.5	2.28	145.62	15.0	066-0.png	
0.27	0.53	15.11	3.74	2.35	147.69	30.0	066-1.png	
0.48	1.99	17.63	2.86	1.22	153.0	-5.0	067-0.png	
-0.22	0.81	19.7	2.44	1.19	194.51	15.0	068-0.png	
0.02	1.4	12.83	3.75	1.01	156.59	-15.0	069-0.png	
0.18	1.26	14.25	3.79	1.89	171.1	30.0	070-0.png	
-0.18	0.89	19.11	2.55	0.95	207.33	45.0	071-0.png	
0.24	3.42	12.27	4.42	1.45	148.94	30.0	072-0.png	
-0.07	1.34	23.83	1.99	0.76	189.26	45.0	073-0.png	
0.4	0.7	21.56	2.16	0.88	211.77	15.0	074-0.png	
0.22	1.94	17.5	2.82	0.88	199.37	0.0	075-0.png	
0.27	1.72	12.2	4.61	1.84	156.0	30.0	076-0.png	
0.41	2.31	13.44	4.05	1.27	140.01	5.0	077-0.png	
-0.66	0.88	21.67	1.96	0.97	201.72	30.0	078-0.png	
0.37	1.64	20.78	2.25	1.21	129.23	180.0	079-0.png	
0.19	0.4	25.3	2.03	1.21	148.96	30.0	080-0.png	
0.23	1.61	16.14	3.2	0.96	172.76	30.0	081-0.png	
-0.32	0.89	15.71	3.04	0.81	144.14	180.0	081-1.png	
0.12	2.14	22.0	2.18	1.1	165.15	30.0	082-0.png	
0.47	3.04	16.78	3.17	2.55	163.55	180.0	083-0.png	
0.28	2.3	20.0	2.51	1.22	158.78	5.0	084-0.png	
0.54	1.44	19.5	2.54	1.26	149.05	15.0	084-1.png	
0.82	5.68	9.5	5.86	2.0	159.04	180.0	085-0.png	
0.56	10.03	8.38	6.93	2.57	160.28	180.0	085-1.png	
0.43	10.93	9.33	6.02	2.1	157.87	180.0	085-2.png	
0.21	12.19	8.29	6.98	2.39	158.5	180.0	085-3.png	
0.46	7.44	9.0	6.0	2.41	162.33	180.0	085-4.png	
0.39	4.13	7.5	7.93	2.09	151.31	180.0	085-5.png	
0.53	1.35	17.0	3.09	1.4	162.83	30.0	086-0.png	
0.02	2.64	9.86	5.67	3.09	145.28	15.0	087-0.png	
0.15	2.67	10.86	5.09	2.6	150.25	30.0	087-1.png	
0.1	7.91	9.86	5.78	2.62	145.62	30.0	087-2.png	
-0.06	2.01	19.88	2.55	1.3	160.1	15.0	088-0.png	
0.26	0.39	20.63	2.48	0.85	160.82	15.0	088-1.png	
0.1	1.49	22.83	2.2	0.83	172.03	15.0	088-2.png	
0.12	0.28	17.78	2.97	1.01	157.86	30.0	089-0.png	
0.47	1.33	18.8	2.64	0.9	158.01	30.0	089-1.png	
-0.13	0.79	17.73	2.91	0.85	155.24	30.0	089-2.png	
0.25	3.86	13.71	4.06	1.75	127.47	15.0	090-0.png	
-0.01	4.31	12.75	4.33	1.38	125.35	15.0	090-1.png	
0.09	3.81	14.71	3.55	1.22	129.61	180.0	090-2.png	
-0.12	3.24	10.82	5.29	2.21	184.81	180.0	091-0.png	
-0.0	7.04	10.36	5.48	1.98	183.96	-5.0	091-2.png	
0.32	1.65	17.0	2.97	1.19	178.91	180.0	092-0.png	
0.23	0.82	17.1	3.08	1.25	176.63	5.0	092-1.png	
-0.11	1.44	17.33	3.08	1.2	180.5	15.0	092-2.png	
-0.19	2.3	18.25	2.77	1.1	196.74	45.0	093-0.png	
0.18	0.19	20.63	2.39	1.07	193.02	45.0	093-1.png	
0.03	1.77	19.22	2.62	1.19	193.65	45.0	093-2.png	
0.28	0.26	19.33	2.74	1.17	155.9	180.0	094-0.png	
0.26	1.7	18.78	2.8	1.35	158.41	180.0	094-1.png	
0.0	2.16	18.5	2.84	1.58	157.69	180.0	094-2.png	
-0.09	3.99	15.8	3.35	1.49	142.29	45.0	095-0.png	
-0.36	1.62	14.18	3.9	1.33	153.94	45.0	095-1.png	
0.21	1.04	21.22	2.22	0.95	156.12	15.0	096-0.png	
0.54	2.26	15.5	3.43	1.38	183.3	180.0	097-0.png	
0.25	2.59	13.14	4.26	1.96	130.7	30.0	098-0.png	
0.23	1.63	9.83	5.81	2.46	137.02	45.0	099-0.png	
0.28	2.77	14.43	3.72	1.53	186.9	-15.0	100-0.png	
0.09	2.79	16.5	2.98	0.91	206.77	0.0	102-0.png	
0.3	3.07	15.0	3.37	0.91	194.53	0.0	102-1.png	
0.45	3.83	13.3	4.18	1.77	142.98	0.0	103-0.png	
0.37	2.31	15.6	3.51	1.09	147.66	30.0	104-0.png	
0.53	0.48	27.33	1.66	0.79	129.25	15.0	105-0.png	
0.61	3.09	14.89	3.83	1.98	139.27	5.0	106-0.png	
0.76	2.14	13.57	3.85	1.17	174.09	-15.0	107-0.png	
0.2	4.1	10.73	5.45	1.49	174.51	-15.0	107-1.png	
0.43	4.25	12.22	4.8	1.31	175.0	-15.0	107-2.png	
0.04	4.36	11.0	5.22	1.43	174.9	-15.0	107-3.png	
0.78	1.13	21.29	2.28	0.89	198.91	180.0	108-0.png	
-0.02	2.7	22.2	2.09	0.84	200.38	5.0	108-1.png	
0.62	2.23	21.5	2.22	0.81	202.59	15.0	108-2.png	
0.2	3.17	20.8	2.3	0.88	202.75	5.0	108-3.png	
0.58	3.29	14.0	3.88	1.46	150.77	180.0	109-0.png	
0.21	2.03	16.71	3.15	1.22	153.27	180.0	109-1.png	
0.12	3.39	13.57	4.09	1.52	149.65	180.0	109-2.png	
0.08	5.0	12.0	4.49	1.5	154.23	180.0	109-3.png	
0.0	1.97	12.17	5.1	3.24	151.37	0.0	110-0.png	
-0.27	1.57	14.63	4.08	1.95	153.91	180.0	110-1.png	
-1.13	1.81	15.43	3.75	2.68	155.52	180.0	110-2.png	
0.14	2.27	11.43	5.5	3.08	151.66	180.0	110-3.png	
0.41	1.4	19.22	2.49	0.85	195.35	180.0	111-0.png	
0.11	1.59	16.38	3.06	1.06	194.96	180.0	111-1.png	
0.12	2.65	15.86	3.03	1.17	192.57	180.0	111-2.png	
0.26	2.81	16.0	3.07	1.22	192.14	180.0	111-3.png	
0.29	1.2	17.5	2.97	1.32	166.14	180.0	112-0.png	
0.12	1.74	17.22	3.2	1.36	166.51	180.0	112-1.png	
0.38	2.0	16.0	3.54	1.63	165.74	180.0	112-2.png	
-0.09	0.24	16.63	3.31	1.45	167.16	0.0	112-3.png	
-0.03	2.49	14.89	3.78	1.44	176.34	180.0	113-0.png	
0.34	4.42	13.57	4.17	2.39	174.7	180.0	113-1.png	
0.07	2.91	15.44	3.45	2.09	161.01	180.0	113-2.png	
0.33	4.09	14.43	3.87	2.12	162.13	180.0	113-3.png	
0.62	2.23	16.63	3.26	1.1	164.11	0.0	114-0.png	
0.27	1.78	16.86	3.22	1.28	162.3	0.0	114-1.png	
0.16	1.7	16.43	3.36	1.21	160.56	0.0	114-2.png	
0.0	1.29	17.0	2.88	1.26	161.41	0.0	114-3.png	
0.31	4.38	17.8	2.57	0.62	173.2	45.0	115-0.png	
0.47	3.37	21.09	2.26	0.83	209.01	15.0	116-0.png	
0.58	2.22	17.11	3.05	1.23	205.1	180.0	117-0.png	
0.55	2.94	21.4	2.15	0.94	204.07	180.0	117-1.png	
0.6	1.7	18.2	2.77	1.19	203.34	180.0	117-2.png	
0.49	2.41	19.5	2.59	1.1	204.49	180.0	117-3.png	
0.17	5.71	11.2	4.61	1.72	152.88	45.0	118-0.png	
0.28	4.08	12.0	4.43	1.56	154.32	45.0	118-1.png	
0.23	4.45	14.6	3.26	1.16	153.84	45.0	118-2.png	
0.33	3.86	12.17	4.45	1.36	155.88	45.0	118-3.png	
0.11	5.45	11.0	4.95	1.64	151.36	45.0	118-4.png	
0.09	6.5	12.0	4.48	1.46	154.6	30.0	118-5.png	
0.38	2.56	11.33	11.18	1.53	158.01	30.0	118-6.png	
0.12	0.96	13.55	4.06	1.45	151.13	-15.0	119-0.png	
0.31	1.44	13.2	4.2	1.86	157.17	-15.0	119-1.png	
0.02	1.9	15.8	3.16	1.29	171.08	0.0	120-0.png	
-1.16	1.91	17.78	2.92	1.33	140.59	180.0	121-0.png	
0.15	1.38	24.7	1.73	0.96	175.99	0.0	121-1.png	
-0.01	0.93	26.88	1.65	0.7	173.39	30.0	122-0.png	
0.05	3.45	14.5	3.66	1.34	176.1	45.0	123-0.png	
0.34	3.17	14.5	3.57	1.42	176.26	45.0	123-1.png	
0.25	3.36	14.0	3.84	1.39	178.16	30.0	123-2.png	
0.19	2.09	13.38	4.03	1.36	176.81	30.0	123-3.png	
0.06	4.04	12.63	4.3	1.51	152.48	30.0	123-4.png	
0.03	2.0	18.5	2.78	0.98	138.2	0.0	124-0.png	
0.17	3.85	17.9	2.83	0.96	138.88	0.0	124-1.png	
-0.18	1.77	16.91	3.18	1.11	139.41	0.0	124-2.png	
-0.2	2.1	17.14	3.09	0.94	136.17	0.0	124-3.png	
-0.14	0.33	21.0	2.39	1.24	167.18	5.0	125-0.png	
-0.08	0.29	20.64	2.52	1.68	163.04	5.0	125-1.png	
0.07	0.0	18.89	2.62	1.87	153.87	5.0	125-2.png	
-0.14	0.94	20.13	2.53	1.43	161.22	5.0	125-3.png	
-0.02	3.42	17.83	2.9	0.87	161.51	180.0	126-0.png	
-0.63	1.79	19.5	2.57	0.84	164.45	180.0	126-1.png	
-0.05	1.75	20.0	2.48	0.93	164.05	180.0	126-2.png	
0.0	1.03	17.43	2.86	1.21	163.71	180.0	126-3.png	
-0.19	4.92	18.29	2.74	0.87	164.06	180.0	126-4.png	
0.09	2.64	16.64	3.11	1.47	151.06	-5.0	127-0.png	
-0.04	2.69	15.64	3.44	1.61	143.45	-5.0	127-1.png	
0.02	1.33	15.0	3.67	1.5	139.97	-5.0	127-2.png	
0.1	1.11	28.0	1.51	1.19	141.35	-5.0	128-0.png	
0.43	2.65	27.2	1.62	0.88	133.4	-5.0	128-1.png	
-0.06	0.65	26.0	1.7	0.81	124.21	-5.0	128-2.png	
0.08	2.82	26.2	1.71	1.03	126.5	-5.0	128-3.png	
0.01	0.7	27.11	1.64	0.76	125.05	-5.0	128-4.png	
0.0	1.83	33.3	1.29	1.12	148.83	0.0	129-0.png	
-0.13	1.7	30.0	1.46	1.07	151.09	0.0	129-1.png	
0.0	1.46	30.1	1.46	1.2	152.62	0.0	129-2.png	
0.25	0.59	30.7	1.39	1.18	150.38	0.0	129-3.png	
-0.15	2.65	18.14	2.87	1.25	160.88	45.0	130-0.png	
0.37	1.43	14.7	3.74	1.96	160.24	45.0	130-1.png	
0.54	0.62	16.2	3.27	1.63	163.25	45.0	130-2.png	
-0.44	1.69	16.0	3.42	1.72	159.43	45.0	130-3.png	
-0.06	2.02	14.86	3.65	1.79	162.51	45.0	130-4.png	
0.22	1.6	18.09	2.82	0.91	136.46	15.0	131-0.png	
0.28	1.68	17.82	2.86	0.92	136.91	15.0	131-1.png	
0.52	2.72	18.0	2.74	0.97	135.42	15.0	131-2.png	
0.2	2.6	17.71	2.77	0.91	135.01	15.0	131-3.png	
-0.47	1.31	22.88	2.45	1.85	166.24	30.0	132-0.png	
-0.56	0.72	22.2	2.21	0.82	164.98	30.0	132-1.png	
-0.12	0.39	20.43	2.5	1.81	161.78	30.0	132-2.png	
0.08	1.49	20.17	2.5	0.91	153.77	30.0	132-3.png	
0.25	2.56	16.4	3.12	1.85	168.13	45.0	133-0.png	
0.31	5.08	18.3	2.79	1.64	166.35	15.0	133-1.png	
1.36	2.0	17.0	3.11	1.98	164.57	45.0	133-2.png	
0.57	4.36	17.9	2.85	1.64	167.83	15.0	133-3.png	
0.4	1.54	16.91	3.12	1.5	166.22	15.0	133-4.png	
0.25	4.25	12.0	4.85	2.49	146.53	30.0	134-0.png	
0.03	5.89	11.71	4.98	2.14	145.7	30.0	134-1.png	
-0.03	3.16	20.91	2.33	1.53	147.27	180.0	135-0.png	
-0.64	2.22	21.2	2.34	1.14	150.53	5.0	135-1.png	
-0.08	2.2	16.4	3.16	1.31	145.91	45.0	136-0.png	
0.05	1.43	18.9	2.66	1.1	161.01	180.0	137-0.png	
-0.47	4.31	10.44	5.47	2.34	133.91	0.0	138-0.png	
-0.26	2.69	13.78	3.9	1.89	139.26	-5.0	139-0.png	
0.59	5.52	14.5	3.77	1.89	136.16	180.0	139-1.png	
0.1	5.09	16.7	3.14	1.1	146.89	0.0	140-0.png	
-0.37	3.27	16.5	3.62	1.27	147.83	0.0	140-1.png	
0.64	3.98	8.29	9.72	2.54	135.26	-5.0	141-0.png	
0.45	1.47	16.33	3.16	1.15	192.82	30.0	142-0.png	
-0.05	4.41	13.17	4.06	1.89	156.45	15.0	143-0.png	
0.13	1.11	24.4	1.92	0.99	169.3	15.0	144-0.png	
0.01	1.1	17.33	2.93	1.47	152.06	30.0	145-0.png	
0.65	7.3	14.8	3.47	2.01	154.19	0.0	146-0.png	
0.28	1.65	16.4	3.23	0.98	164.52	30.0	147-0.png	
0.06	2.23	17.5	2.98	1.22	153.78	-5.0	148-0.png	
0.49	5.95	8.57	6.87	1.67	182.21	-30.0	149-0.png	
-0.01	1.42	19.75	2.6	1.32	141.69	-5.0	150-0.png	
0.03	1.2	19.11	2.66	1.19	139.95	-5.0	150-1.png	
-0.14	1.47	19.0	2.66	1.24	135.82	0.0	150-2.png	
0.11	1.3	19.2	2.64	1.51	140.64	-5.0	150-3.png	
-0.12	1.42	19.7	2.56	1.3	138.29	-5.0	150-4.png	
0.21	1.73	17.3	3.03	1.54	141.9	-5.0	150-5.png	
0.07	1.96	17.38	2.92	1.4	139.73	-5.0	150-6.png	
-0.26	1.52	17.13	3.03	1.41	140.74	-5.0	150-7.png	
-0.03	1.13	19.4	2.64	1.2	139.18	-5.0	150-8.png	
0.04	1.39	19.38	2.64	1.42	139.95	-5.0	150-9.png	
0.23	1.39	20.17	2.27	0.77	203.4	45.0	151-0.png	
-0.06	1.65	18.75	2.66	0.81	201.89	30.0	151-1.png	
-0.15	0.29	17.25	3.13	0.99	199.41	30.0	151-10.png	
0.19	1.18	17.86	2.94	0.89	201.23	45.0	151-2.png	
0.18	5.35	15.5	3.41	0.96	200.79	30.0	151-3.png	
0.07	4.88	14.13	3.98	0.96	202.43	45.0	151-4.png	
0.07	0.51	15.7	3.39	0.99	199.59	45.0	151-5.png	
-0.08	0.85	20.0	2.48	0.75	200.68	45.0	151-6.png	
0.1	1.05	18.13	2.8	0.84	201.18	45.0	151-7.png	
0.21	0.72	19.56	2.56	0.82	200.64	45.0	151-8.png	
0.22	0.99	21.14	2.38	1.43	143.38	15.0	152-0.png	
-0.11	0.9	22.22	2.23	1.22	141.77	15.0	152-1.png	
0.37	0.81	23.38	2.07	1.36	143.91	15.0	152-2.png	
0.19	4.35	19.1	2.68	1.9	137.54	15.0	152-3.png	
-0.03	0.51	17.8	2.82	1.54	140.82	15.0	152-4.png	
-0.15	0.28	21.33	2.34	1.32	136.65	15.0	152-5.png	
-0.22	1.08	21.29	2.26	1.44	138.96	15.0	152-6.png	
0.34	1.25	20.88	2.28	1.36	139.48	15.0	152-7.png	
0.38	0.99	21.11	2.42	1.24	139.78	15.0	152-8.png	
0.19	2.3	20.43	2.45	1.28	137.91	15.0	152-9.png	
0.08	1.69	16.0	3.34	1.3	178.26	30.0	153-0.png	
0.12	2.01	15.89	3.36	1.28	179.7	30.0	153-1.png	
-0.07	1.95	17.44	2.99	1.15	194.41	45.0	153-2.png	
0.26	1.15	15.6	3.26	1.36	175.25	30.0	153-3.png	
-0.31	0.94	15.9	3.36	1.5	179.57	30.0	153-4.png	
-0.02	0.63	18.9	2.64	1.09	197.62	30.0	153-5.png	
-0.1	1.49	18.75	2.63	1.04	191.52	30.0	153-6.png	
0.4	0.31	19.33	2.47	1.18	194.12	45.0	153-7.png	
0.12	1.81	17.73	2.83	1.16	187.67	45.0	153-8.png	
-0.12	3.1	16.11	3.36	1.35	176.61	30.0	153-9.png	
-0.12	0.99	19.25	2.68	0.97	152.96	30.0	154-0.png	
0.04	0.97	19.56	2.6	0.91	153.92	30.0	154-1.png	
-0.23	0.67	20.88	2.43	0.87	153.9	30.0	154-2.png	
0.29	0.57	19.18	2.66	0.91	151.99	30.0	154-3.png	
0.07	0.55	18.27	2.8	0.94	151.99	30.0	154-4.png	
0.58	0.72	20.9	2.44	0.94	147.28	30.0	154-5.png	
0.08	1.61	19.25	2.58	1.32	151.18	30.0	154-6.png	
-0.09	1.37	18.22	2.8	1.0	150.43	30.0	154-7.png	
0.02	1.21	20.7	2.43	0.85	150.58	30.0	154-8.png	
-0.18	2.02	21.25	2.32	0.84	151.06	30.0	154-9.png	
0.03	4.03	17.88	2.9	0.83	160.43	-15.0	155-0.png	
0.03	4.06	18.0	2.88	0.93	162.5	-30.0	155-1.png	
0.03	3.94	17.25	3.27	0.94	163.1	-30.0	155-2.png	
-0.03	3.07	16.6	3.07	0.95	161.72	-30.0	155-3.png	
0.11	3.35	18.5	2.71	0.87	159.85	-30.0	155-4.png	
0.14	4.56	17.33	2.86	0.95	160.02	-15.0	155-5.png	
0.1	4.11	17.5	2.71	0.9	162.01	-30.0	155-6.png	
-0.05	4.15	17.11	3.01	1.03	162.02	-30.0	155-7.png	
-0.13	1.18	18.67	2.74	0.98	160.77	-15.0	155-8.png	
0.16	1.45	24.13	1.84	1.13	213.42	15.0	156-0.png	
0.33	5.67	10.4	5.06	2.02	149.29	-5.0	157-0.png	
-0.08	2.95	9.5	6.16	2.3	146.11	0.0	157-1.png	
0.71	6.42	12.0	4.83	1.62	146.16	180.0	158-0.png	
0.47	3.16	15.17	3.38	1.48	190.44	180.0	158-1.png	
-0.26	5.47	9.14	7.56	1.76	151.43	180.0	158-2.png	
0.07	1.4	15.71	4.12	1.39	160.34	-5.0	159-0.png	
-0.41	1.49	14.75	3.62	1.87	163.04	-15.0	159-1.png	
0.15	3.03	15.2	3.21	1.13	171.73	-5.0	160-0.png	
0.46	1.01	15.88	3.34	1.05	176.44	-5.0	160-1.png	
0.29	1.26	15.88	3.33	2.09	140.45	180.0	161-0.png	
0.21	1.26	17.44	2.43	1.3	138.62	180.0	161-1.png	
0.28	0.98	20.33	2.38	1.32	176.46	30.0	162-0.png	
0.47	1.52	21.0	2.25	1.27	177.17	30.0	162-1.png	
0.21	3.21	12.14	4.45	1.74	173.06	15.0	163-0.png	
-0.12	2.62	13.0	3.88	1.51	179.91	180.0	163-1.png	
0.39	4.44	14.43	3.8	1.45	163.63	0.0	164-0.png	
0.75	3.18	16.38	3.23	1.31	160.15	180.0	164-1.png	
0.02	1.45	21.43	2.25	1.02	158.96	180.0	165-0.png	
0.37	0.82	23.25	2.04	0.93	159.98	180.0	165-1.png	
-0.01	1.99	15.57	3.28	1.1	184.39	180.0	166-0.png	
-0.03	2.11	17.5	2.8	1.03	188.66	180.0	166-1.png	
0.4	1.47	17.0	3.09	1.78	182.05	30.0	167-0.png	
0.52	4.0	14.0	3.32	0.78	173.12	0.0	168-0.png	
0.26	5.71	10.5	4.71	0.98	172.99	0.0	168-1.png	
0.23	2.76	11.6	6.1	1.9	136.56	15.0	169-0.png	
0.35	1.1	11.86	4.57	1.23	137.74	15.0	169-1.png	
0.06	0.67	19.38	2.65	1.1	153.56	-15.0	170-0.png	
0.03	0.85	18.71	4.69	0.92	153.79	-5.0	170-1.png	
-0.34	1.65	20.0	2.5	1.35	165.32	5.0	171-0.png	
-0.05	0.4	19.8	2.55	1.28	168.71	15.0	171-1.png	
-0.29	3.43	14.0	3.99	1.24	150.49	-5.0	172-0.png	
0.28	1.94	13.4	4.01	1.42	148.2	180.0	172-1.png	
-0.09	2.1	20.0	2.36	1.26	206.11	30.0	173-0.png	
0.01	1.79	20.7	2.35	1.17	208.69	30.0	173-1.png	
0.14	1.97	21.3	2.26	1.25	207.88	30.0	173-2.png	
0.05	2.12	19.8	2.43	1.23	211.17	30.0	173-3.png	
-0.02	1.89	21.7	2.18	1.15	212.73	30.0	173-4.png	
0.12	3.65	17.25	3.12	1.0	144.84	15.0	174-0.png	
0.56	1.8	19.4	2.54	0.96	143.03	15.0	174-1.png	
0.39	2.28	15.8	3.34	1.04	142.78	15.0	174-2.png	
-0.51	1.1	16.33	3.28	1.0	143.73	15.0	174-3.png	
0.26	2.92	15.4	3.36	1.02	145.82	15.0	174-4.png	
0.35	1.86	19.88	2.54	0.86	170.19	180.0	174-5.png	
-0.21	4.82	11.0	4.77	1.04	146.82	30.0	175-0.png	
-0.47	0.82	12.17	4.56	0.82	148.76	30.0	175-1.png	
0.06	2.25	16.0	3.23	0.92	195.06	-5.0	176-0.png	
-0.09	4.51	17.5	2.95	0.99	171.54	15.0	177-0.png	
-0.18	0.28	17.88	2.84	0.99	163.97	15.0	177-1.png	
0.11	0.99	14.11	3.96	1.37	141.17	180.0	178-0.png	
0.43	3.28	13.7	4.0	1.36	136.03	180.0	178-1.png	
-0.15	3.75	23.71	1.9	0.73	197.1	-15.0	179-0.png	
0.08	3.91	23.29	1.93	0.69	195.81	-15.0	179-1.png	
-0.21	1.71	12.29	4.47	1.52	153.38	180.0	180-0.png	
0.15	0.53	13.33	4.13	1.63	156.42	180.0	180-1.png	
0.15	1.38	22.43	2.11	0.89	195.06	15.0	181-0.png	
0.02	0.86	17.38	3.01	1.13	174.32	15.0	181-1.png	
0.07	0.79	24.2	1.85	0.89	194.01	15.0	181-2.png	
-0.16	5.77	10.22	5.59	2.33	135.49	45.0	182-0.png	
0.51	1.61	16.78	3.0	0.96	129.84	30.0	183-0.png	
0.34	2.64	12.14	4.56	1.7	131.61	-15.0	184-0.png	
-0.34	5.23	10.33	5.53	1.65	129.58	-15.0	184-1.png	
-0.13	3.38	8.0	7.69	2.93	146.23	0.0	185-0.png	
-0.03	4.32	8.11	7.51	2.61	151.44	0.0	185-1.png	
0.06	3.21	11.83	5.21	1.72	149.28	0.0	186-0.png	
0.08	3.83	13.57	3.93	1.74	148.56	0.0	186-1.png	
0.08	0.0	17.73	2.91	1.8	154.0	180.0	187-0.png	
0.26	2.19	16.43	3.34	1.48	149.85	15.0	187-1.png	
0.53	1.8	13.88	3.8	1.34	174.98	0.0	188-0.png	
0.16	0.44	13.6	3.86	1.37	176.4	0.0	188-1.png	
0.18	3.2	12.5	4.27	1.26	169.41	0.0	189-0.png	
0.21	2.44	9.0	6.56	1.38	133.99	0.0	190-0.png	
-0.04	4.89	9.4	5.94	1.23	130.77	0.0	190-1.png	
0.46	1.06	18.9	2.75	1.34	172.1	5.0	191-0.png	
-0.02	1.33	17.25	2.96	1.88	138.82	5.0	192-0.png	
0.14	0.21	19.1	2.66	1.5	138.94	5.0	192-1.png	
-0.01	2.88	16.0	3.38	1.27	169.64	5.0	193-0.png	
-0.08	2.84	16.9	3.1	1.12	162.71	5.0	193-1.png	
0.52	1.85	17.27	2.98	1.28	161.23	180.0	193-2.png	
0.37	1.66	18.64	2.77	1.08	166.54	180.0	193-3.png	
-0.08	1.38	15.17	3.32	1.05	155.84	0.0	194-0.png	
0.27	1.44	13.88	3.84	1.2	146.18	0.0	194-1.png	
0.62	2.5	15.57	3.29	0.74	151.37	-15.0	195-0.png	
-0.14	2.41	13.67	3.83	0.92	148.7	-15.0	195-1.png	
-0.29	2.18	18.33	2.42	1.62	174.04	180.0	196-0.png	
0.21	2.52	10.71	5.12	1.15	157.84	180.0	197-0.png	
-0.17	2.66	10.17	5.36	1.07	155.35	0.0	197-1.png	
0.24	2.32	17.67	2.8	1.15	177.34	-15.0	198-0.png	
-0.31	2.45	16.71	2.99	1.34	182.66	-15.0	198-1.png	
0.37	1.98	16.63	3.05	1.19	179.6	15.0	199-0.png	
0.33	1.02	18.67	2.68	0.89	170.67	15.0	199-1.png	
-0.04	1.52	18.44	2.69	1.01	180.48	15.0	199-2.png	
0.77	1.65	17.56	2.98	1.02	180.21	30.0	199-3.png	
0.29	5.8	12.25	4.64	2.85	182.07	0.0	200-0.png	
0.21	3.0	13.67	4.04	1.51	141.98	15.0	201-0.png	
0.1	2.89	15.2	3.47	1.68	156.0	-5.0	202-0.png	
0.02	2.78	14.73	3.7	1.76	157.86	-5.0	202-1.png	
0.46	3.54	16.4	3.2	1.65	158.89	-5.0	202-2.png	
0.15	3.06	15.36	3.47	1.8	158.57	0.0	202-3.png	
0.17	3.66	15.3	3.5	1.92	157.6	-5.0	202-4.png	
0.27	1.38	16.0	3.36	1.73	199.4	30.0	203-0.png	
-0.18	2.86	14.33	3.76	1.69	200.7	15.0	203-1.png	
0.27	1.41	16.33	3.22	1.46	200.66	15.0	203-2.png	
0.13	1.28	17.25	3.1	1.82	200.71	30.0	203-3.png	
0.57	3.83	15.67	3.52	1.6	199.01	15.0	203-4.png	
0.29	2.16	22.7	2.13	1.0	159.34	45.0	204-0.png	
0.41	0.6	23.45	2.06	1.14	161.57	45.0	204-1.png	
0.3	0.49	26.36	1.72	0.83	162.02	45.0	204-3.png	
0.0	2.19	24.7	1.89	0.9	163.76	45.0	204-4.png	
-0.26	1.17	25.55	1.84	1.23	162.05	45.0	204-5.png	
0.07	1.61	23.63	2.05	0.96	169.63	30.0	205-0.png	
0.01	0.68	23.6	2.09	1.27	169.38	30.0	205-1.png	
1.07	0.71	25.5	1.85	1.26	170.45	30.0	205-2.png	
0.48	2.0	25.0	1.88	1.02	170.65	30.0	205-3.png	
-0.01	1.72	22.7	2.04	1.08	170.56	30.0	205-4.png	
0.52	2.52	16.29	3.33	1.33	139.3	45.0	206-0.png	
0.35	1.34	17.22	3.08	1.34	139.23	45.0	206-1.png	
-0.23	0.79	17.67	2.01	1.08	137.65	30.0	206-2.png	
0.05	3.9	15.38	3.49	1.51	137.19	30.0	206-3.png	
0.2	4.16	18.27	2.72	1.33	139.33	45.0	206-4.png	
0.09	1.65	26.0	1.64	0.0	155.67	-15.0	207-0.png	
0.34	2.54	27.9	1.57	0.5	157.02	-15.0	207-1.png	
-0.06	2.22	17.56	2.97	1.0	169.81	5.0	207-2.png	
0.16	1.41	27.0	1.59	0.59	156.62	-30.0	207-3.png	
-0.07	0.54	27.9	1.51	0.0	157.34	-15.0	207-4.png	
0.31	1.58	27.2	1.55	0.63	156.22	-30.0	207-5.png	
-0.17	1.59	22.0	2.13	0.63	185.29	45.0	208-0.png	
-0.4	1.41	21.33	2.3	0.63	191.48	45.0	208-1.png	
-0.12	1.5	22.73	2.12	0.7	190.12	45.0	208-2.png	
-0.45	1.16	22.5	2.06	0.73	192.31	45.0	208-3.png	
-0.54	1.47	23.78	1.98	1.12	192.2	45.0	208-4.png	
-0.39	2.55	19.25	2.67	0.9	170.73	5.0	209-0.png	
0.04	0.8	20.0	2.56	0.9	170.92	5.0	209-1.png	
0.26	2.13	18.78	2.76	0.92	169.81	180.0	209-2.png	
-0.57	1.0	18.0	2.93	0.94	166.82	5.0	209-3.png	
-0.02	2.63	16.38	3.15	1.0	171.1	5.0	209-4.png	
0.2	4.7	12.33	5.42	1.54	136.34	0.0	210-0.png	
-0.26	2.92	12.33	4.61	1.43	139.33	0.0	210-1.png	
-0.13	2.59	19.29	2.68	1.36	199.4	30.0	211-0.png	
0.87	1.14	26.27	1.73	1.09	197.92	15.0	211-1.png	
0.05	3.47	10.67	5.19	1.74	176.65	180.0	212-0.png	
0.11	3.44	10.45	5.58	1.75	174.02	5.0	212-1.png	
-0.13	6.78	9.0	6.36	2.04	156.22	180.0	212-2.png	
-0.31	4.43	12.86	4.28	1.87	155.95	15.0	213-0.png	
0.34	5.9	12.71	4.25	2.07	157.0	180.0	213-1.png	
0.03	4.67	12.0	4.67	1.81	154.93	180.0	213-2.png	
0.17	3.39	11.5	4.68	1.97	189.34	180.0	214-0.png	
-0.16	3.66	12.29	4.52	1.7	188.33	0.0	214-1.png	
0.29	2.59	18.13	2.7	1.1	153.25	0.0	215-0.png	
-0.07	2.15	17.67	2.89	0.99	150.86	0.0	215-1.png	
-0.6	0.88	16.0	3.18	1.49	178.77	15.0	216-0.png	
-0.3	2.91	17.5	2.83	1.53	176.28	15.0	216-1.png	
0.1	7.02	16.25	3.32	2.05	188.1	180.0	217-0.png	
0.27	0.64	15.57	3.47	1.59	190.09	15.0	217-1.png	
0.05	6.39	15.33	3.46	1.85	185.3	180.0	217-2.png	
-0.21	2.15	16.25	3.38	1.48	136.03	15.0	218-0.png	
0.42	3.86	14.5	3.59	1.08	124.69	-5.0	219-0.png	
0.16	2.48	20.57	2.4	1.4	185.57	0.0	220-0.png	
0.0	2.43	15.67	3.62	2.27	132.08	30.0	221-0.png	
0.3	3.67	15.0	3.66	2.09	152.64	-5.0	222-0.png	
0.45	2.01	11.45	4.96	1.79	133.01	180.0	223-0.png	
-0.13	1.6	15.67	3.4	2.14	166.05	180.0	224-0.png	
0.21	1.81	14.33	3.73	1.76	158.21	15.0	225-0.png	
0.25	2.16	18.5	2.84	1.16	203.72	45.0	226-0.png	
0.21	4.3	15.8	3.15	2.22	184.88	15.0	227-0.png	
0.11	0.07	13.86	3.85	1.35	159.92	30.0	228-0.png	
0.13	2.15	17.67	3.11	1.1	130.92	0.0	229-0.png	
-0.14	1.78	19.71	2.46	0.87	194.49	180.0	230-0.png	
0.01	2.53	19.0	2.09	0.83	192.84	15.0	230-1.png	
0.44	2.75	17.44	3.01	1.93	177.79	0.0	231-0.png	
0.68	4.03	16.13	3.29	1.9	172.32	0.0	231-1.png	
0.27	4.23	15.38	3.54	1.91	168.82	180.0	232-0.png	
-0.2	3.66	15.57	3.6	2.08	169.46	0.0	232-1.png	
-0.59	3.67	17.43	3.13	1.54	171.89	15.0	233-0.png	
-0.34	2.31	17.29	3.13	1.49	170.09	15.0	233-1.png	
-0.37	2.3	16.5	3.12	0.78	134.73	30.0	234-0.png	
0.28	4.09	14.43	3.73	1.0	135.86	30.0	234-1.png	
-0.32	1.47	19.75	2.37	0.76	190.17	45.0	235-0.png	
0.25	2.02	20.25	2.27	0.76	188.17	30.0	235-1.png	
-0.55	2.18	15.17	3.68	1.72	184.82	180.0	236-0.png	
-0.02	3.54	17.5	2.84	0.69	177.98	-15.0	237-0.png	
-0.05	3.35	16.14	2.93	0.76	176.22	-15.0	237-1.png	
0.43	2.42	17.33	3.06	2.74	208.54	0.0	238-0.png	
-0.37	4.28	12.14	4.34	1.94	149.75	30.0	239-0.png	
0.34	3.17	13.89	4.05	2.41	149.39	30.0	239-1.png	
0.01	5.44	14.7	3.84	2.07	154.46	15.0	239-2.png	
-0.11	0.79	14.0	3.85	1.72	159.32	15.0	239-3.png	
0.01	3.73	15.0	3.44	1.16	177.22	5.0	240-0.png	
0.72	1.73	12.75	3.96	1.26	177.1	180.0	240-1.png	
0.02	3.73	15.0	3.57	1.72	162.4	0.0	241-0.png	
0.13	3.94	14.71	3.7	1.72	165.02	180.0	241-1.png	
0.06	4.12	14.57	3.73	1.6	165.87	180.0	241-2.png	
0.24	6.51	12.75	3.76	1.83	165.88	180.0	241-3.png	
-0.22	3.33	17.43	3.05	1.23	164.61	180.0	242-0.png	
-0.12	3.36	17.29	3.11	1.29	159.43	5.0	242-1.png	
0.86	2.51	18.75	2.84	1.11	156.32	15.0	242-2.png	
-0.15	3.31	16.6	3.13	1.14	156.74	30.0	243-0.png	
-0.13	2.88	16.33	3.07	1.14	151.68	15.0	243-1.png	
-0.2	2.89	16.29	3.2	1.03	157.99	30.0	243-2.png	
-0.29	2.19	16.0	3.28	1.16	137.79	0.0	244-0.png	
-0.39	0.9	17.75	2.82	1.66	157.11	15.0	245-0.png	
0.02	2.8	13.91	3.97	1.55	167.71	30.0	246-0.png	
-0.32	1.98	13.64	4.1	1.55	166.61	30.0	246-1.png	
-0.22	0.23	13.0	4.26	1.58	167.76	30.0	246-2.png	
-0.35	2.0	13.5	3.92	1.57	168.26	30.0	246-3.png	
-0.17	3.33	14.1	3.94	1.24	202.26	45.0	247-0.png	
-0.15	1.81	14.91	3.62	0.96	196.28	45.0	247-1.png	
-0.43	1.69	15.36	3.55	1.32	198.14	45.0	247-2.png	
-0.23	2.93	14.7	3.76	0.94	198.13	45.0	247-3.png	
-0.27	3.1	14.2	3.82	1.01	197.56	45.0	247-4.png	
0.15	3.72	12.63	4.36	1.68	179.83	15.0	248-0.png	
0.35	1.86	11.8	4.76	1.54	178.7	15.0	248-1.png	
-0.3	2.24	13.4	3.95	1.55	180.14	15.0	248-2.png	
-0.17	5.79	12.43	4.38	1.63	177.47	15.0	248-3.png	
-0.3	2.12	13.2	4.19	1.65	178.49	15.0	248-4.png	
-0.17	3.41	20.83	2.39	1.49	183.3	30.0	249-0.png	
-0.24	4.47	10.75	5.64	2.03	187.78	5.0	250-0.png	
-0.0	2.26	11.5	5.33	1.85	190.5	15.0	250-1.png	
0.33	2.47	29.2	1.43	0.68	217.96	15.0	251-0.png	
0.21	1.44	17.33	2.94	1.05	190.36	15.0	252-0.png	
0.08	2.34	17.09	2.94	1.05	182.48	180.0	253-0.png	
-0.44	0.84	21.5	3.1	1.61	195.67	30.0	254-0.png	
0.0	0.66	15.13	3.36	2.54	200.19	45.0	254-1.png	
-0.53	1.6	19.36	2.74	1.45	193.71	30.0	255-0.png	
-0.15	0.6	18.43	2.74	0.97	166.32	180.0	256-0.png	
0.3	2.41	18.25	2.78	0.91	166.96	0.0	256-1.png	
-0.03	3.15	13.0	4.25	0.94	132.02	45.0	257-0.png	
0.27	7.02	8.83	6.38	1.33	129.92	0.0	258-0.png	
0.29	1.52	18.44	2.86	1.34	185.41	30.0	259-0.png	
0.42	1.25	19.17	2.59	1.48	170.11	30.0	259-1.png	
0.38	2.64	14.0	3.83	1.27	137.94	30.0	260-0.png	
0.39	3.14	14.0	3.79	1.22	145.23	0.0	261-0.png	
-0.26	1.34	14.22	3.91	2.27	132.96	30.0	262-0.png	
0.47	4.84	6.4	10.39	2.45	123.8	45.0	263-0.png	
-0.1	1.91	17.8	3.04	0.87	119.43	15.0	264-0.png	
-0.28	2.58	12.0	5.97	1.37	118.66	0.0	265-0.png	
0.12	2.04	13.7	4.05	1.95	176.56	180.0	266-0.png	
0.3	2.51	19.14	2.66	1.1	196.92	15.0	267-0.png	
-0.19	2.66	14.67	3.72	1.5	154.11	30.0	268-0.png	
0.1	4.52	9.29	6.29	1.63	126.21	30.0	269-0.png	
-0.07	5.29	11.14	5.24	1.66	149.45	0.0	270-0.png	
0.0	1.05	22.0	2.25	1.07	206.48	15.0	272-0.png	
0.12	0.0	21.0	2.4	1.25	209.0	15.0	272-1.png	
0.39	0.82	21.88	2.3	1.24	207.51	15.0	272-2.png	
0.05	1.58	19.67	2.48	0.74	165.68	180.0	272-3.png	
-0.38	3.87	12.14	4.85	1.8	182.66	15.0	273-0.png	
0.0	6.93	13.13	4.41	2.66	182.18	15.0	273-1.png	
-0.22	6.6	12.88	4.5	1.81	175.15	15.0	273-2.png	
-0.08	9.09	11.67	4.83	2.02	183.21	5.0	273-3.png	
0.07	6.29	12.25	4.89	2.13	178.74	15.0	273-4.png	
0.28	3.21	19.0	2.59	0.74	167.91	180.0	274-0.png	
-0.06	2.91	16.86	3.18	0.89	165.99	0.0	274-1.png	
0.41	1.69	14.8	3.74	1.02	168.05	180.0	274-2.png	
0.18	3.47	20.17	2.42	0.71	165.91	0.0	274-3.png	
0.64	5.09	12.38	4.67	1.38	143.15	180.0	275-0.png	
1.83	5.89	14.09	3.81	1.37	145.47	-5.0	275-1.png	
-0.3	3.63	13.22	4.17	0.96	143.82	180.0	276-0.png	
-0.36	9.92	12.6	4.1	0.95	139.45	180.0	276-1.png	
0.39	7.03	14.5	3.7	1.63	152.34	180.0	277-0.png	
0.78	5.31	16.38	3.15	1.58	156.48	-5.0	277-1.png	
0.2	4.58	15.5	3.24	1.16	196.54	180.0	278-0.png	
0.28	3.3	14.86	3.58	1.08	194.24	180.0	278-1.png	
0.37	2.09	14.86	3.71	1.67	171.54	0.0	279-0.png	
0.13	0.29	17.0	3.18	1.75	175.85	5.0	279-1.png	
0.01	2.69	16.75	2.95	1.54	173.79	15.0	280-0.png	
0.06	2.37	18.13	2.68	1.28	171.91	15.0	280-1.png	
-0.01	3.37	11.86	4.64	1.48	146.95	180.0	281-0.png	
0.54	3.33	12.6	4.44	1.57	188.76	-15.0	281-1.png	
-0.01	0.0	27.08	1.45	0.67	174.72	180.0	282-0.png	
0.07	0.04	24.36	1.83	0.72	175.85	5.0	282-1.png	
0.5	1.9	12.6	4.36	1.19	184.8	-15.0	283-0.png	
0.07	4.92	12.8	3.88	1.0	181.91	-15.0	283-1.png	
-0.26	2.34	13.25	4.36	2.79	131.57	-15.0	285-0.png	
-0.38	0.75	14.71	3.85	1.85	136.53	-15.0	285-1.png	
-1.44	2.5	13.63	4.09	1.37	134.65	-15.0	285-2.png	
0.01	0.06	15.4	3.39	1.92	135.25	-15.0	285-3.png	
-0.32	0.31	16.09	3.22	1.78	138.01	-15.0	285-4.png	
-0.23	2.64	19.71	2.62	1.07	183.96	30.0	286-0.png	
0.25	2.09	19.1	2.3	1.72	185.71	30.0	286-1.png	
-0.23	2.33	21.0	2.44	1.77	185.57	30.0	286-2.png	
0.66	0.89	21.4	2.13	0.97	184.38	30.0	286-3.png	
-0.27	0.73	19.18	2.6	1.05	174.52	-5.0	287-0.png	
-0.01	0.74	17.64	2.93	1.07	170.0	-5.0	287-1.png	
-0.03	1.88	17.55	2.97	1.09	165.95	-5.0	287-2.png	
-0.36	1.86	18.3	2.87	1.13	164.76	-5.0	287-3.png	
-0.0	1.65	16.36	3.36	1.15	164.06	-5.0	287-4.png	
0.08	2.04	13.25	4.08	1.16	152.39	-30.0	288-0.png	
0.21	1.8	12.75	4.31	1.15	158.26	-30.0	288-1.png	
-0.06	2.02	13.38	4.08	1.06	156.69	-30.0	288-2.png	
0.1	1.14	14.89	3.5	0.99	160.06	-30.0	288-3.png	
-0.21	1.11	13.5	3.98	1.1	155.87	-30.0	288-4.png	
-0.23	1.26	19.08	2.41	1.34	178.93	0.0	289-0.png	
0.42	0.96	21.92	2.05	1.22	181.34	-5.0	289-1.png	
0.07	2.97	19.22	2.53	1.3	181.02	-15.0	289-2.png	
-0.05	2.15	20.0	2.38	1.23	179.75	-5.0	289-3.png	
-0.18	2.98	19.13	2.61	1.3	178.54	-5.0	289-4.png	
-0.46	1.96	15.78	3.47	1.43	179.54	30.0	290-0.png	
-0.1	4.59	15.9	3.36	0.87	145.74	0.0	291-0.png	
0.05	5.31	14.5	3.75	0.97	144.87	0.0	291-1.png	
-0.18	2.9	14.14	3.76	0.89	146.69	0.0	291-2.png	
0.15	6.85	14.44	3.75	0.9	147.63	0.0	291-3.png	
-0.22	2.69	16.0	3.19	1.57	160.55	-15.0	292-0.png	
-0.24	1.49	15.45	3.1	1.6	161.46	-15.0	292-1.png	
-0.05	4.05	17.27	3.01	1.42	166.71	-15.0	292-2.png	
-0.21	1.64	16.44	2.93	1.67	159.45	-15.0	292-3.png	
-0.36	1.7	15.88	3.56	1.65	164.25	-15.0	292-4.png	
0.01	2.52	14.67	4.6	1.43	141.52	15.0	293-0.png	
0.16	2.82	16.67	3.22	1.11	141.15	15.0	293-1.png	
-0.17	2.05	13.67	4.05	1.19	139.1	15.0	293-2.png	
0.06	1.99	16.6	3.49	1.71	137.7	15.0	293-3.png	
-0.55	1.26	14.33	3.95	1.21	140.53	15.0	293-4.png	
-0.11	2.15	20.0	4.29	1.16	194.57	-15.0	294-0.png	
-0.13	0.68	19.25	7.17	0.95	192.62	-5.0	294-1.png	
-0.37	2.86	18.2	5.7	0.89	191.54	0.0	294-2.png	
-0.07	0.9	22.25	5.31	0.93	195.09	0.0	294-3.png	
-0.18	0.58	17.33	2.68	1.18	207.82	180.0	295-0.png	
-0.16	4.58	17.67	2.85	1.12	206.61	0.0	295-1.png	
0.1	1.26	26.17	1.72	1.35	191.92	5.0	296-0.png	
0.12	1.36	26.5	1.73	1.3	188.09	15.0	296-1.png	
0.87	1.16	29.2	1.39	1.04	193.68	15.0	296-2.png	
0.2	2.49	17.7	2.86	1.46	191.79	15.0	297-0.png	
0.3	2.63	13.7	4.01	1.52	200.55	5.0	297-1.png	
0.31	5.33	13.7	4.01	1.45	198.69	5.0	297-2.png	
0.14	0.43	11.73	4.65	2.51	193.81	30.0	298-0.png	
0.08	3.24	12.33	4.46	2.34	196.43	30.0	298-1.png	
-0.12	3.24	13.6	3.99	2.02	197.87	30.0	298-2.png	
0.06	3.27	22.3	2.13	1.37	202.91	30.0	299-0.png	
0.19	2.73	25.3	1.73	0.84	206.45	30.0	299-1.png	
0.08	2.05	24.4	1.89	0.86	207.81	30.0	299-2.png	
0.22	2.16	17.6	2.99	1.24	193.22	5.0	300-0.png	
0.22	2.53	16.6	3.19	1.28	195.31	5.0	300-1.png	
-0.04	2.31	16.9	3.08	1.26	207.77	180.0	300-2.png	
0.02	0.0	22.18	2.07	0.93	207.07	30.0	301-0.png	
-0.37	1.31	23.67	1.82	1.07	206.23	15.0	301-1.png	
0.01	2.03	21.7	2.31	0.62	207.03	180.0	302-0.png	
-0.03	0.21	18.63	2.74	0.81	151.9	0.0	303-0.png	
0.31	5.56	15.11	3.53	0.98	202.95	15.0	304-0.png	
0.02	3.95	19.5	2.58	1.06	158.3	-5.0	305-0.png	
0.77	3.88	16.0	3.32	1.19	156.59	30.0	307-0.png	
0.33	4.37	21.75	2.17	0.81	205.02	45.0	308-0.png	
0.0	0.32	34.67	1.04	0.58	210.82	30.0	310-0.png	
0.06	1.52	13.13	4.25	1.47	139.39	30.0	312-0.png	
1.49	1.74	23.63	1.82	0.75	174.74	5.0	313-0.png	
1.44	0.56	33.91	1.14	0.53	171.88	45.0	314-0.png	
0.06	1.01	16.75	3.19	1.29	168.97	30.0	315-0.png	
0.1	1.37	15.38	3.42	1.12	169.56	15.0	315-1.png	
0.18	1.82	16.5	3.29	1.36	172.6	45.0	315-2.png	
0.28	4.53	18.56	2.8	0.99	168.58	30.0	315-3.png	
0.43	2.14	15.88	3.46	1.45	166.01	30.0	315-4.png	
-0.11	2.48	14.5	3.83	1.14	168.08	30.0	315-5.png	
0.23	2.77	15.89	3.43	1.05	171.22	30.0	315-6.png	
0.19	1.12	24.91	1.89	1.23	133.84	0.0	316-0.png	
0.29	3.71	9.43	6.44	2.05	122.49	180.0	317-0.png	
-0.01	2.03	9.88	5.91	4.2	153.44	-5.0	318-0.png	
-0.51	0.93	19.29	2.59	2.01	205.51	5.0	319-0.png	
0.02	2.29	17.88	2.8	1.15	202.84	-5.0	320-0.png	
-0.01	1.94	18.0	2.82	1.22	202.77	-5.0	320-1.png	
0.13	1.9	12.63	4.32	1.68	144.73	180.0	321-0.png	
0.01	3.34	12.86	3.99	1.65	154.71	-15.0	321-1.png	
0.15	2.98	14.43	3.43	1.4	149.68	0.0	322-0.png	
0.59	0.81	18.44	2.77	1.24	149.05	5.0	323-0.png	
0.18	1.93	12.43	4.39	1.38	152.23	-5.0	324-0.png	
-0.02	0.17	11.7	4.8	1.51	152.55	-5.0	324-1.png	
-0.32	0.0	16.5	2.98	0.91	149.14	0.0	325-0.png	
1.28	0.94	18.13	2.82	0.97	149.04	180.0	325-1.png	
0.0	1.77	11.83	4.59	1.07	151.88	0.0	326-0.png	
-0.06	4.35	10.8	4.98	1.84	143.55	5.0	327-0.png	
-0.11	0.36	13.83	3.75	2.99	160.98	-30.0	328-0.png	
-0.12	4.39	13.91	3.67	2.69	157.72	-30.0	328-1.png	
-0.02	2.04	19.57	2.47	1.12	182.35	0.0	329-0.png	
0.01	1.88	17.0	3.24	1.76	184.04	0.0	329-1.png	
0.5	5.08	13.78	3.96	1.49	200.33	0.0	330-0.png	
0.71	6.0	12.67	3.89	2.1	202.97	0.0	330-1.png	
0.01	6.22	11.89	4.74	1.75	203.26	0.0	330-2.png	
0.07	5.53	13.38	4.07	1.63	200.65	0.0	330-3.png	
0.14	1.93	20.17	2.39	0.93	198.91	5.0	331-0.png	
-0.17	1.04	16.4	3.32	1.32	151.97	30.0	332-0.png	
-0.01	3.34	12.88	4.43	1.79	157.84	30.0	332-1.png	
-0.22	5.0	13.0	4.32	1.78	155.93	30.0	332-2.png	
-0.02	2.62	14.88	3.73	1.38	155.62	30.0	332-3.png	
-0.09	4.2	13.33	4.26	1.79	154.72	30.0	332-4.png	
0.32	2.88	14.25	3.7	1.67	155.28	30.0	332-5.png	
-0.4	3.11	14.14	3.92	1.8	154.24	30.0	332-6.png	
-0.14	2.88	12.5	4.63	1.73	155.55	30.0	332-7.png	
-0.91	0.46	21.73	2.22	1.17	192.28	0.0	333-0.png	
0.45	0.82	20.8	2.44	1.21	193.97	0.0	333-1.png	
-0.01	1.87	19.78	2.51	1.75	186.67	-5.0	333-2.png	
0.08	1.12	18.7	2.78	1.27	191.53	180.0	333-3.png	
0.06	3.85	18.18	2.91	1.43	191.76	180.0	333-4.png	
-0.07	1.81	19.29	2.62	1.34	191.04	180.0	333-5.png	
-0.18	1.11	17.11	3.06	1.63	189.82	180.0	333-6.png	
0.8	1.96	17.38	3.01	1.37	190.07	180.0	333-7.png	
0.14	1.91	16.78	3.18	1.28	188.35	180.0	333-8.png	
0.33	1.8	11.1	5.22	2.49	164.39	180.0	334-0.png	
-0.52	4.47	9.63	6.13	2.95	162.48	180.0	334-1.png	
0.43	4.5	12.0	4.75	2.25	169.73	180.0	334-2.png	
-0.03	3.07	12.38	4.59	1.94	168.09	180.0	334-3.png	
0.26	5.29	11.33	5.0	2.38	166.29	0.0	334-4.png	
0.28	2.31	12.11	5.39	2.36	168.84	0.0	334-5.png	
0.19	3.42	12.29	4.55	2.39	169.83	0.0	334-6.png	
-0.09	4.41	9.75	6.04	2.49	167.48	0.0	334-7.png	
-0.18	3.42	12.0	4.63	2.26	166.89	180.0	334-8.png	
0.59	2.63	16.0	3.32	1.32	188.31	15.0	335-0.png	
0.2	2.15	15.33	3.46	1.28	185.79	15.0	335-1.png	
0.23	2.62	14.13	3.96	1.39	187.26	15.0	335-2.png	
0.37	2.39	15.5	3.51	1.54	184.5	15.0	335-3.png	
0.42	1.86	15.6	3.36	1.38	180.87	15.0	335-4.png	
0.25	2.13	16.0	3.31	1.14	182.86	15.0	335-5.png	
0.21	3.0	13.67	3.95	1.46	182.28	15.0	335-6.png	
0.15	3.16	14.25	3.73	1.42	185.16	15.0	335-7.png	
0.13	1.8	16.67	2.85	0.8	197.52	180.0	336-0.png	
0.32	2.89	16.29	3.13	0.76	202.49	180.0	336-1.png	
0.24	3.54	17.8	2.78	0.67	201.25	180.0	336-2.png	
0.05	2.86	16.43	2.78	0.79	200.6	180.0	336-3.png	
0.34	6.0	16.67	3.07	0.81	201.24	0.0	336-4.png	
0.74	4.07	17.2	2.74	0.78	203.21	180.0	336-5.png	
0.18	2.94	16.0	2.95	0.92	200.82	180.0	336-6.png	
0.38	2.87	15.67	3.05	0.87	201.63	180.0	336-7.png	
0.06	2.88	15.29	3.24	0.88	202.12	180.0	336-8.png	
0.03	1.33	12.0	4.49	1.51	132.51	-15.0	337-0.png	
0.53	3.91	11.0	5.03	1.68	128.85	-30.0	337-1.png	
0.07	5.16	12.6	4.21	1.55	132.31	-15.0	337-2.png	
0.72	3.0	13.33	4.01	1.22	133.1	-30.0	337-3.png	
0.12	1.45	13.14	4.89	1.44	134.53	-30.0	337-4.png	
0.9	4.54	13.0	3.96	1.45	138.37	-30.0	337-5.png	
0.26	3.31	11.8	4.58	1.51	148.04	-15.0	337-6.png	
0.24	3.47	11.8	4.56	1.47	143.37	-30.0	337-7.png	
0.35	2.73	14.67	3.41	1.21	160.44	-30.0	337-8.png	
0.03	1.63	16.0	3.29	0.87	174.79	15.0	338-0.png	
0.09	1.76	16.5	3.05	0.87	177.23	15.0	338-1.png	
0.6	1.77	19.2	2.42	0.71	171.67	15.0	338-2.png	
0.53	2.51	17.14	3.01	0.81	179.39	15.0	338-3.png	
0.64	1.61	16.78	3.07	0.89	171.48	15.0	338-4.png	
0.3	1.87	17.6	2.75	0.77	177.89	30.0	338-5.png	
0.19	2.65	17.0	2.93	0.78	175.84	15.0	338-6.png	
0.39	1.57	17.17	2.89	0.78	178.44	15.0	338-7.png	
-0.11	2.11	16.57	3.09	0.85	177.18	15.0	338-8.png	
0.21	2.87	14.3	3.83	1.61	158.98	0.0	339-0.png	
0.2	4.2	14.29	3.76	1.51	158.13	0.0	339-1.png	
0.45	5.33	14.83	3.56	1.32	160.3	180.0	339-2.png	
0.03	6.49	12.33	4.42	2.0	193.65	5.0	339-3.png	
0.32	3.47	15.0	3.58	1.45	158.23	0.0	339-4.png	
0.3	2.29	14.0	4.48	1.75	155.89	180.0	339-5.png	
0.07	4.51	15.29	3.43	1.66	154.23	180.0	339-6.png	
0.4	3.83	14.63	3.63	1.71	155.88	180.0	339-7.png	
0.27	3.93	15.0	3.6	1.95	153.55	180.0	339-8.png	
0.18	4.04	14.13	3.92	1.31	151.71	180.0	339-9.png	
-0.1	2.34	13.67	4.03	1.57	190.42	15.0	340-0.png	
0.2	4.46	13.0	4.2	1.7	193.99	15.0	340-1.png	
-0.01	4.08	13.71	3.96	1.73	194.25	5.0	340-2.png	
-0.07	2.67	13.11	4.25	1.85	193.47	15.0	340-3.png	
0.09	4.02	13.2	3.94	1.69	193.29	15.0	340-4.png	
0.17	3.19	12.83	4.0	1.61	193.23	15.0	340-5.png	
0.23	3.09	13.29	4.09	1.7	191.99	15.0	340-6.png	
0.12	2.65	13.57	4.01	1.55	193.02	15.0	340-7.png	
0.09	0.64	20.45	2.44	1.17	171.97	30.0	341-0.png	
0.4	1.47	19.0	2.75	1.18	174.16	30.0	341-2.png	
0.23	2.84	21.14	2.32	1.13	175.69	30.0	341-3.png	
-0.03	1.06	20.78	2.28	1.22	177.27	30.0	341-4.png	
0.0	0.55	22.0	2.52	1.13	174.1	30.0	341-5.png	
-0.1	2.42	19.86	2.55	1.34	177.69	15.0	341-6.png	
0.22	1.95	19.0	2.71	1.36	168.78	30.0	341-7.png	
0.05	1.67	19.11	2.7	1.48	177.18	30.0	341-8.png	
-0.06	2.09	19.11	2.68	1.48	177.4	30.0	341-9.png	
-0.18	5.09	16.3	3.17	1.43	181.63	-5.0	342-0.png	
0.12	2.64	14.38	3.78	1.5	181.26	-5.0	342-1.png	
0.15	3.07	15.33	3.42	1.36	183.58	-5.0	342-2.png	
0.03	2.01	16.88	3.03	1.36	185.92	-5.0	342-3.png	
0.01	5.71	15.4	3.36	1.66	184.6	-5.0	342-4.png	
-0.02	3.35	15.83	3.27	1.55	185.45	-5.0	342-5.png	
0.31	2.31	15.57	3.34	1.61	182.79	-5.0	342-6.png	
0.09	2.27	15.43	3.36	1.8	181.77	-5.0	342-7.png	
0.09	1.92	16.67	3.22	1.84	198.55	-5.0	342-8.png	
0.29	3.29	11.25	5.14	1.72	148.92	15.0	343-0.png	
0.23	5.42	10.33	5.45	1.66	145.39	15.0	343-1.png	
0.35	7.97	9.67	6.0	1.84	146.71	15.0	343-2.png	
0.1	4.54	10.57	5.5	1.79	148.6	15.0	343-3.png	
0.11	3.09	10.67	5.46	2.01	148.38	15.0	343-4.png	
0.48	6.55	11.6	4.79	1.74	146.66	15.0	343-5.png	
0.32	4.7	11.5	4.86	1.75	147.13	15.0	343-6.png	
-0.24	5.27	12.14	4.6	1.95	150.28	15.0	343-7.png	
0.28	4.4	12.5	4.57	1.66	151.42	5.0	343-8.png	
0.17	1.13	16.8	3.0	0.93	185.3	30.0	344-0.png	
-0.07	1.69	14.75	3.48	1.18	187.27	30.0	344-1.png	
0.15	2.42	13.2	4.28	1.57	180.52	30.0	344-10.png	
0.22	0.91	16.57	3.14	1.17	187.6	30.0	344-2.png	
0.33	0.45	15.44	3.47	1.06	185.28	30.0	344-3.png	
-0.57	0.65	15.45	3.4	1.26	183.62	30.0	344-4.png	
0.12	2.56	13.29	4.14	1.44	183.92	30.0	344-5.png	
-0.11	0.44	18.36	2.86	1.01	143.76	45.0	344-6.png	
-0.55	2.53	20.57	2.45	0.86	143.53	45.0	344-7.png	
0.16	1.7	14.11	3.81	1.43	183.48	30.0	344-8.png	
0.45	1.03	14.56	3.7	1.56	180.85	30.0	344-9.png	
-0.06	0.46	19.55	2.59	1.12	144.2	45.0	345-0.png	
-0.66	1.0	22.0	2.24	1.12	144.27	45.0	345-1.png	
-0.03	2.67	19.5	2.63	0.91	147.09	45.0	345-2.png	
-0.08	1.5	18.64	2.83	0.97	145.15	45.0	345-3.png	
0.07	1.72	19.2	2.6	1.11	143.24	45.0	345-4.png	
-0.12	1.71	17.56	3.02	1.18	145.57	45.0	345-5.png	
-0.29	1.21	19.82	2.59	0.98	146.28	45.0	345-6.png	
0.24	1.07	23.36	2.03	0.79	139.2	45.0	346-0.png	
0.78	2.42	19.8	2.56	1.06	136.21	45.0	346-1.png	
0.57	3.12	21.5	2.31	0.98	132.06	45.0	346-2.png	
0.47	2.28	20.64	2.49	1.0	132.06	45.0	346-3.png	
0.26	1.09	21.18	2.39	1.31	132.11	45.0	346-4.png	
0.83	3.05	21.63	2.31	0.95	137.4	45.0	346-5.png	
0.16	2.43	18.11	2.98	1.11	139.83	45.0	346-6.png	
0.24	2.63	20.56	2.38	1.02	147.26	45.0	346-7.png	
0.14	2.76	18.5	2.71	1.77	154.88	45.0	346-8.png	
0.18	0.82	18.22	2.78	0.88	126.37	0.0	347-0.png	
0.3	2.35	17.0	3.0	0.94	126.66	0.0	347-1.png	
-0.02	3.43	17.5	2.8	0.89	129.05	0.0	347-2.png	
-0.2	2.01	18.43	2.65	0.88	127.95	0.0	347-3.png	
0.01	1.25	16.0	3.24	1.0	124.73	0.0	347-4.png	
0.32	2.71	18.8	2.62	0.85	130.64	0.0	347-5.png	
0.41	2.16	18.5	2.53	0.82	133.16	0.0	347-6.png	
0.26	1.97	19.83	2.39	0.78	130.8	0.0	347-7.png	
0.04	1.99	17.13	2.82	0.82	133.61	0.0	347-8.png	
-0.01	2.48	15.33	3.3	1.01	178.15	-15.0	348-0.png	
-0.19	4.38	14.14	3.83	1.08	178.68	-15.0	348-1.png	
0.07	0.86	15.2	3.38	1.04	178.96	-15.0	348-2.png	
-0.24	3.56	15.71	3.27	1.02	179.62	-15.0	348-3.png	
-0.03	2.79	14.0	3.74	1.24	178.46	-15.0	348-4.png	
0.16	1.08	13.83	3.81	1.2	179.55	-15.0	348-5.png	
0.1	4.55	13.83	3.87	1.16	178.55	-15.0	348-6.png	
-0.12	4.74	13.71	3.92	1.19	178.27	-15.0	348-7.png	
0.22	4.28	14.5	3.64	1.19	176.74	-15.0	348-8.png	
0.32	5.13	8.0	7.43	2.95	140.47	0.0	349-0.png	
0.2	7.88	8.0	7.16	2.54	138.81	0.0	349-1.png	
0.05	10.43	7.29	8.04	2.19	146.28	0.0	349-2.png	
0.15	9.7	7.83	7.32	2.15	139.99	0.0	349-3.png	
0.05	10.96	7.57	7.74	2.29	144.64	0.0	349-4.png	
0.02	8.92	7.29	8.06	2.18	139.37	0.0	349-5.png	
0.26	13.24	7.4	7.7	2.49	141.3	0.0	349-6.png	
0.04	9.29	7.0	8.61	2.05	140.75	0.0	349-7.png	
-0.07	6.06	7.1	8.51	2.26	142.42	0.0	349-8.png	
0.02	0.28	10.56	5.66	1.0	165.05	45.0	350-0.png	
-0.02	0.79	11.44	4.84	0.95	165.4	45.0	350-1.png	
-0.02	4.34	12.43	4.34	0.99	165.34	45.0	350-2.png	
-0.18	0.29	10.4	5.29	0.99	166.83	45.0	350-3.png	
0.03	2.41	17.88	2.77	0.88	159.13	-15.0	351-0.png	
-0.17	1.52	16.45	3.19	0.77	158.58	-15.0	351-1.png	
0.17	1.28	18.0	2.7	1.0	159.11	-15.0	351-2.png	
0.02	1.38	17.4	2.79	0.92	159.15	-15.0	351-3.png	
0.35	3.05	16.71	2.94	0.86	157.9	-15.0	351-4.png	
0.04	2.52	17.86	2.65	0.92	169.35	30.0	352-0.png	
0.04	2.65	16.22	3.27	2.08	168.43	30.0	352-1.png	
0.16	3.47	17.29	2.92	1.05	168.06	30.0	352-2.png	
-0.32	2.92	15.4	3.43	1.29	167.93	45.0	352-3.png	
0.46	4.47	13.86	3.78	1.24	167.64	30.0	352-4.png	
-0.24	1.78	15.73	3.4	1.26	170.86	0.0	353-0.png	
-0.21	2.88	16.33	3.54	0.92	207.44	0.0	353-1.png	
-0.06	0.67	16.36	3.21	0.91	205.91	15.0	353-2.png	
-0.18	0.49	16.36	3.22	1.01	207.05	15.0	353-3.png	
-0.36	3.07	17.25	2.88	1.0	202.86	15.0	353-4.png	
0.01	0.99	19.13	2.64	1.95	151.38	0.0	354-0.png	
-0.71	1.74	17.78	2.93	2.02	150.73	0.0	354-1.png	
-0.05	0.0	18.36	2.72	1.66	151.01	-5.0	354-2.png	
0.03	0.11	17.9	2.88	1.69	149.92	-5.0	354-3.png	
-0.15	0.84	17.8	2.9	1.76	148.06	-5.0	354-4.png	
-0.11	2.24	13.86	3.84	0.77	179.33	45.0	355-0.png	
-0.16	3.87	13.43	3.9	0.9	180.36	45.0	355-1.png	
-0.27	1.27	12.6	4.37	0.87	182.07	45.0	355-2.png	
-0.14	1.11	12.67	4.74	0.89	182.27	45.0	355-3.png	
0.05	5.41	13.5	3.89	0.95	183.45	45.0	355-4.png	
0.43	3.19	22.91	2.02	1.06	208.71	30.0	356-0.png	
0.38	1.89	21.7	2.18	0.94	205.32	30.0	356-1.png	
-0.1	0.85	15.38	3.45	1.38	187.88	5.0	357-0.png	
0.09	0.7	17.11	2.98	1.07	195.02	5.0	357-1.png	
0.09	1.13	14.17	3.59	1.34	184.69	15.0	357-2.png	
0.25	5.07	16.78	3.07	1.16	207.76	15.0	359-0.png	
0.37	1.01	20.82	2.34	1.06	211.12	15.0	360-0.png	
-0.56	2.72	25.4	1.79	1.11	211.4	180.0	361-0.png	
-0.05	2.67	15.0	3.58	1.19	142.64	15.0	362-0.png	
-0.06	2.07	15.0	3.73	1.43	139.23	0.0	363-0.png	
0.22	2.82	23.4	1.98	1.17	154.93	-15.0	364-0.png	
0.35	1.76	20.5	2.24	0.82	145.68	0.0	364-1.png	
0.06	1.66	16.86	2.96	1.79	149.11	30.0	365-0.png	
-0.11	2.78	13.67	4.07	1.41	159.9	0.0	366-0.png	
0.28	1.36	13.25	4.14	1.25	153.93	-15.0	367-0.png	
-0.04	2.88	9.38	6.16	1.84	128.56	45.0	368-0.png	
0.12	1.46	13.67	3.93	1.29	153.06	0.0	369-0.png	
0.14	4.24	17.7	2.85	0.72	173.04	-15.0	370-0.png	
-0.02	2.84	10.22	6.66	2.44	160.96	30.0	371-0.png	
-0.25	2.02	21.3	2.25	1.26	162.25	45.0	372-0.png	
0.09	2.67	15.0	3.56	1.27	194.08	45.0	373-0.png	
0.34	1.06	12.29	4.53	1.27	143.89	15.0	375-0.png	
0.26	4.59	17.0	3.03	2.51	207.85	180.0	376-0.png	
0.05	0.42	14.25	3.83	1.24	169.59	0.0	377-0.png	
-0.1	6.43	11.67	4.85	1.84	154.28	180.0	378-0.png	
0.03	3.52	12.2	4.76	1.66	146.91	-5.0	379-0.png	
0.35	8.85	13.0	4.26	1.82	148.43	-5.0	379-1.png	
-0.06	1.61	14.3	3.78	1.46	161.3	30.0	380-0.png	
0.13	1.3	15.4	3.5	1.17	163.05	30.0	380-1.png	
0.01	0.55	23.83	1.99	0.51	185.16	30.0	382-0.png	
0.88	0.13	22.71	2.12	2.05	185.19	30.0	382-1.png	
-0.05	7.71	12.71	4.37	0.86	155.68	-30.0	383-0.png	
-0.38	1.02	13.75	2.11	0.77	155.11	-30.0	383-1.png	
0.15	1.58	16.44	3.42	1.36	140.09	15.0	384-0.png	
0.84	0.56	18.0	2.94	1.32	137.27	5.0	384-1.png	
-0.14	1.63	16.55	3.31	2.12	135.28	0.0	384-2.png	
0.11	0.44	18.0	2.82	1.39	138.96	5.0	384-3.png	
0.56	1.22	16.4	3.32	2.02	137.97	5.0	384-4.png	
0.23	2.81	15.29	3.47	2.43	138.65	180.0	384-5.png	
0.25	1.4	17.09	3.21	1.28	137.62	180.0	384-6.png	
0.22	1.4	17.1	3.14	1.93	137.48	5.0	384-7.png	
0.15	1.87	15.5	3.87	1.34	138.34	180.0	384-8.png	
0.39	0.55	18.08	2.89	1.16	141.41	180.0	384-9.png	
-0.31	1.28	19.6	2.36	0.9	186.82	30.0	385-0.png	
-0.12	4.24	21.22	2.3	0.83	187.86	30.0	385-1.png	
-0.13	1.58	20.22	2.41	1.28	188.49	30.0	385-2.png	
-0.09	1.78	20.78	2.27	0.88	189.08	30.0	385-3.png	
-0.17	1.8	20.0	2.57	0.86	186.38	30.0	385-4.png	
-0.41	1.88	16.45	3.18	1.12	149.34	45.0	386-0.png	
0.38	2.75	16.0	3.38	1.26	148.61	45.0	386-1.png	
-0.23	5.12	16.4	3.27	1.17	149.47	45.0	386-3.png	
0.02	5.33	16.33	3.5	1.07	150.67	45.0	386-4.png	
-0.21	3.14	17.2	3.05	0.99	150.69	45.0	386-5.png	
-0.44	1.77	15.8	3.42	1.41	179.54	30.0	387-0.png	
0.0	1.63	14.75	3.68	1.39	179.78	45.0	387-1.png	
-0.14	3.88	15.71	3.36	1.51	183.06	30.0	387-2.png	
-0.21	1.2	15.0	3.59	1.38	179.81	45.0	387-3.png	
0.11	1.59	15.13	3.2	1.68	180.16	30.0	387-4.png	
-0.55	0.72	12.45	4.53	1.58	140.63	45.0	388-0.png	
-0.43	1.37	11.67	4.88	1.39	140.49	45.0	388-1.png	
-0.31	0.93	12.91	4.39	1.44	139.14	45.0	388-2.png	
-0.5	0.33	15.33	3.6	1.27	167.35	-5.0	389-0.png	
-0.25	1.57	15.25	3.44	1.14	168.1	-5.0	389-1.png	
-0.22	0.42	14.44	3.77	1.0	169.79	-5.0	389-2.png	
0.28	3.34	15.89	3.34	0.87	169.15	-5.0	389-4.png	
0.03	1.53	15.0	3.51	0.9	166.9	-5.0	389-5.png	
-0.02	0.9	22.33	2.12	1.09	156.8	5.0	390-0.png	
-0.56	2.72	23.5	2.01	1.05	157.66	5.0	390-1.png	
-0.02	1.87	20.29	2.3	1.14	156.12	5.0	390-2.png	
-0.38	2.7	21.5	2.25	1.01	157.16	5.0	390-3.png	
-0.62	0.83	20.5	2.44	1.22	157.5	5.0	390-4.png	
0.07	3.2	13.43	4.1	1.87	162.52	30.0	391-0.png	
-0.51	5.47	13.9	3.97	1.5	160.53	30.0	391-1.png	
-0.69	1.56	13.5	4.12	1.6	163.16	30.0	391-2.png	
-0.53	1.89	12.7	4.43	1.78	161.69	30.0	391-3.png	
-0.2	3.4	14.1	3.95	1.68	164.41	30.0	391-4.png	
-0.49	0.9	22.29	2.12	0.91	198.04	15.0	392-0.png	
-0.5	1.08	22.25	2.15	1.56	194.96	15.0	392-1.png	
-0.75	1.97	20.3	2.41	1.02	193.41	15.0	392-2.png	
-1.2	0.15	19.67	2.42	1.14	189.24	15.0	392-3.png	
-0.09	3.38	13.0	3.41	1.3	201.88	15.0	393-0.png	
0.03	1.78	15.75	3.25	1.0	203.38	15.0	393-1.png	
-0.22	3.64	14.0	3.84	1.3	201.86	5.0	393-2.png	
-0.72	3.7	13.78	3.97	1.49	204.18	180.0	393-3.png	
-0.04	5.23	14.14	3.68	1.46	201.19	180.0	393-4.png	
0.07	5.59	8.22	7.27	2.36	161.82	30.0	394-0.png	
0.21	4.94	8.7	6.83	2.14	171.45	30.0	394-1.png	
0.4	0.61	9.88	5.82	1.4	131.37	0.0	395-0.png	
0.04	1.77	12.4	2.35	1.77	141.86	45.0	396-0.png	
0.07	1.29	17.88	2.91	1.04	201.54	30.0	397-0.png	
0.03	1.01	17.75	2.79	1.04	142.7	45.0	398-0.png	
0.74	5.15	13.2	6.09	1.43	127.57	-5.0	399-0.png	
0.06	0.84	19.0	2.71	1.1	145.06	15.0	400-0.png	
-0.12	5.57	9.33	7.15	1.58	130.78	-30.0	401-0.png	
0.35	1.98	18.67	2.7	0.97	166.63	15.0	402-0.png	
0.27	2.01	16.4	3.2	1.47	167.71	180.0	403-0.png	
0.18	1.29	17.0	3.02	1.34	166.95	180.0	403-1.png	
0.14	2.96	13.5	4.04	1.32	168.53	0.0	404-0.png	
0.2	2.77	14.44	3.66	1.46	166.28	-15.0	405-0.png	
0.06	2.93	14.0	3.88	1.79	163.93	-15.0	405-1.png	
-0.11	1.0	16.0	3.2	0.78	140.67	-5.0	406-0.png	
-0.22	4.46	11.43	4.7	2.21	148.31	0.0	407-0.png	
0.13	6.36	11.0	4.97	1.97	156.76	180.0	408-0.png	
-0.02	2.26	11.5	4.91	1.84	157.4	0.0	408-1.png	
0.47	1.17	21.4	2.28	0.8	167.27	15.0	409-0.png	
0.2	1.06	22.6	1.99	0.8	166.08	15.0	409-1.png	
0.2	0.45	11.0	5.28	1.38	145.0	180.0	410-0.png	
0.28	3.22	12.13	4.61	2.12	151.21	15.0	411-0.png	
0.37	0.69	18.9	2.8	1.58	176.89	15.0	412-0.png	
0.16	4.04	12.14	4.51	1.29	146.05	0.0	413-0.png	
-0.05	2.52	16.3	3.25	1.42	180.92	0.0	414-0.png	
0.3	2.69	16.0	3.33	1.46	182.74	0.0	414-1.png	
0.38	0.76	15.82	3.53	2.14	149.27	15.0	415-0.png	
0.69	1.66	16.91	3.16	2.51	150.47	15.0	415-1.png	
-0.06	2.12	15.1	3.7	3.02	150.31	15.0	415-2.png	
0.22	0.19	15.55	3.65	2.39	149.79	15.0	415-3.png	
0.17	0.0	15.18	3.56	2.83	148.12	15.0	415-4.png	
-0.01	0.89	14.58	3.47	2.29	147.32	15.0	415-5.png	
0.51	0.0	15.55	3.53	3.17	147.75	15.0	415-6.png	
-0.52	0.69	21.78	2.08	0.93	202.67	15.0	416-0.png	
0.25	6.07	8.4	7.13	2.15	162.68	30.0	417-0.png	
0.58	2.35	16.14	3.2	1.61	173.71	30.0	418-0.png	
0.1	1.32	28.0	1.31	0.64	149.73	30.0	419-0.png	
0.13	10.93	10.8	4.96	1.37	147.36	45.0	420-0.png	
-0.14	4.68	9.4	6.11	1.79	154.11	45.0	420-1.png	
0.01	2.44	15.57	3.51	1.27	144.18	30.0	421-0.png	
-0.33	1.52	23.71	1.98	0.9	134.17	-5.0	422-0.png	
0.37	3.53	23.8	1.78	0.95	175.75	5.0	423-0.png	
-0.18	1.87	20.29	2.8	0.78	116.27	0.0	424-0.png	
0.15	2.85	13.67	4.02	1.9	136.15	30.0	425-0.png	
0.04	2.64	15.17	3.43	1.18	170.23	30.0	426-0.png	
0.26	1.29	15.44	3.51	1.92	157.6	15.0	427-0.png	
0.47	2.11	13.29	3.96	1.33	143.91	-15.0	428-0.png	
0.08	2.67	18.0	2.79	1.4	168.86	0.0	429-0.png	
-0.04	0.88	18.22	3.32	1.8	136.43	-5.0	430-0.png	
-0.05	1.64	15.89	3.45	1.11	170.06	45.0	431-0.png	
-0.15	8.02	11.71	4.87	1.97	148.43	45.0	432-0.png	
-0.19	2.36	14.0	3.96	1.53	140.26	30.0	433-0.png	
0.08	1.45	12.38	4.11	1.4	175.21	45.0	434-0.png	
-0.13	3.1	10.0	4.53	2.46	132.72	45.0	435-0.png	
-0.02	3.49	11.75	4.72	1.43	127.01	-30.0	436-0.png	
0.15	2.13	20.67	2.19	0.9	153.85	180.0	439-0.png	
-0.46	1.49	19.43	2.54	0.79	152.91	180.0	439-1.png	
0.14	3.79	16.36	3.16	2.39	208.9	180.0	440-0.png	
-0.39	1.36	14.0	3.23	1.13	178.75	180.0	441-0.png	
0.08	2.65	13.57	3.82	1.49	147.49	15.0	442-0.png	
0.17	1.75	14.88	3.51	1.64	144.85	15.0	442-1.png	
-0.03	2.37	18.17	2.65	1.09	199.42	15.0	443-0.png	
0.04	2.35	20.0	2.27	0.94	201.24	30.0	443-1.png	
-0.04	8.91	12.13	4.7	1.65	147.05	180.0	444-0.png	
0.07	6.69	12.56	4.42	1.65	145.38	180.0	444-1.png	
-0.02	4.8	13.33	3.9	1.61	165.46	15.0	445-0.png	
0.15	6.88	13.22	4.2	1.42	163.35	15.0	445-1.png	
0.19	1.49	22.13	2.15	1.32	150.82	15.0	446-0.png	
-0.01	1.34	22.36	2.22	1.32	153.9	15.0	446-1.png	
0.87	1.67	15.0	3.44	0.99	136.93	0.0	447-0.png	
-0.55	0.54	16.63	3.23	1.0	136.81	0.0	447-1.png	
-0.24	3.75	13.86	3.8	1.49	159.83	-15.0	448-0.png	
0.35	4.08	13.0	4.16	1.63	156.93	0.0	448-1.png	
0.27	2.22	17.14	3.08	0.99	139.98	15.0	449-0.png	
0.2	4.29	17.0	2.94	0.98	140.36	15.0	449-1.png	
0.48	0.62	16.18	3.25	1.7	157.28	-5.0	450-0.png	
0.57	2.71	15.5	3.4	1.8	154.75	-15.0	450-1.png	
0.21	2.3	17.43	2.95	2.33	166.01	15.0	451-0.png	
-0.62	0.33	21.0	2.27	1.66	167.59	15.0	451-1.png	
0.51	2.79	18.29	2.7	1.12	175.63	180.0	452-0.png	
-0.07	2.98	17.43	2.93	1.07	181.78	180.0	452-1.png	
1.03	5.22	17.43	3.1	1.12	154.45	180.0	453-0.png	
-0.36	2.75	20.0	2.48	0.99	155.28	0.0	453-1.png	
0.13	2.04	13.22	4.08	1.79	148.11	15.0	454-0.png	
0.71	3.43	13.71	3.85	1.61	145.32	15.0	454-1.png	
-0.02	3.36	14.0	3.74	1.48	148.19	15.0	454-2.png	
0.0	2.15	13.0	4.18	1.58	150.74	15.0	454-3.png	
0.0	2.14	14.0	3.81	1.62	147.25	15.0	454-4.png	
-0.17	1.9	15.78	3.31	0.93	145.01	15.0	455-0.png	
0.23	2.29	17.0	3.19	0.99	144.1	15.0	455-1.png	
-0.04	2.54	18.14	2.73	0.91	145.82	15.0	455-2.png	
0.3	2.46	17.5	2.91	0.89	145.9	15.0	455-3.png	
-0.0	2.52	17.89	2.82	0.88	146.85	15.0	455-4.png	
-0.32	4.35	15.63	3.42	2.14	142.86	30.0	456-0.png	
-0.31	3.91	16.13	3.26	2.1	145.56	30.0	456-1.png	
-0.56	2.2	16.8	3.1	2.13	149.76	30.0	456-2.png	
-0.37	1.28	18.0	2.59	2.13	150.69	30.0	456-3.png	
-0.05	1.44	18.08	2.54	2.3	150.19	30.0	456-4.png	
-0.16	0.47	36.55	0.98	0.72	156.76	45.0	457-0.png	
-0.11	5.36	15.67	3.11	0.86	182.16	-15.0	458-0.png	
0.04	6.0	13.33	3.95	1.08	171.7	-15.0	458-1.png	
0.05	1.99	15.57	3.18	1.1	178.28	-15.0	458-2.png	
0.11	2.83	17.33	3.16	1.86	140.19	30.0	459-0.png	
-0.08	1.97	16.78	2.94	1.74	155.0	30.0	460-0.png	
-1.67	0.86	18.55	1.32	1.14	140.73	45.0	461-0.png	
0.86	8.46	10.4	5.38	1.22	135.39	15.0	462-0.png	
-0.17	5.96	7.56	7.9	2.09	132.48	-15.0	463-0.png	
-0.02	2.35	13.64	4.19	2.7	145.17	180.0	464-0.png	
-0.11	3.25	17.22	2.99	1.66	147.58	15.0	465-0.png	
0.2	2.53	17.8	3.54	0.91	155.79	15.0	466-0.png	
-0.1	6.38	8.0	7.2	2.32	143.77	-15.0	467-0.png	
-0.04	1.89	15.33	3.52	1.22	160.71	30.0	468-0.png	
-0.26	1.33	18.86	2.57	1.04	157.73	-15.0	469-0.png	
0.16	3.38	12.13	4.62	1.89	143.17	30.0	470-0.png	
0.58	0.61	18.13	2.83	1.03	137.88	15.0	471-0.png	
-0.0	0.51	21.56	2.37	0.79	148.35	180.0	472-0.png	
-0.09	1.57	15.3	3.31	1.43	147.72	45.0	473-0.png	
-0.14	2.34	14.13	3.8	1.19	145.65	45.0	474-0.png	
-0.05	1.67	14.4	3.83	0.76	140.15	45.0	475-0.png	
0.65	3.68	15.5	3.62	1.36	168.62	-5.0	476-0.png	
0.04	0.83	19.22	2.76	1.18	133.71	-5.0	477-0.png	
0.34	1.81	19.9	2.4	1.15	145.16	0.0	478-0.png	
-0.19	6.08	12.5	4.16	1.99	161.02	180.0	479-0.png	
-0.18	1.87	20.29	2.49	1.19	155.02	15.0	480-0.png	
0.48	2.55	20.75	2.23	0.94	153.93	15.0	480-1.png	
-0.02	2.84	14.43	3.7	1.37	159.92	180.0	481-0.png	
0.09	2.85	14.71	3.6	1.36	160.14	5.0	481-1.png	
-0.23	2.85	13.0	4.04	1.81	172.78	30.0	482-0.png	
0.32	3.54	9.89	5.51	2.16	156.9	30.0	482-1.png	
-0.04	3.96	18.44	2.86	1.13	209.17	45.0	483-0.png	
-0.08	3.04	18.11	2.94	1.24	206.99	45.0	483-1.png	
-0.34	5.55	11.71	4.74	1.29	160.04	15.0	484-0.png	
-0.12	5.36	11.0	5.26	1.49	159.49	15.0	484-1.png	
1.81	0.1	20.67	2.38	1.43	173.7	180.0	485-0.png	
-0.34	0.45	13.4	3.91	1.3	164.75	-15.0	486-0.png	
-0.17	3.17	13.57	3.98	1.1	163.08	-15.0	486-1.png	
0.05	3.92	12.75	4.52	1.69	133.99	30.0	487-0.png	
-0.27	2.49	13.25	4.8	1.67	133.51	180.0	487-1.png	
0.39	3.15	12.71	4.39	1.55	164.37	0.0	488-0.png	
0.23	4.48	12.5	4.37	1.5	161.69	0.0	488-1.png	
0.04	0.0	15.88	2.61	1.23	169.19	-30.0	489-0.png	
0.08	2.16	16.22	3.4	1.22	169.26	-30.0	489-1.png	
-0.63	2.92	12.67	4.33	1.37	153.02	45.0	490-0.png	
0.23	8.88	12.5	4.53	1.42	154.79	45.0	490-1.png	
-0.11	2.2	16.83	3.1	1.06	145.08	15.0	491-0.png	
0.42	4.22	15.4	3.31	1.01	143.02	15.0	491-1.png	
0.38	3.09	11.0	6.01	1.55	147.57	15.0	492-0.png	
0.11	1.02	13.67	4.07	1.42	151.56	15.0	492-1.png	
0.17	2.11	16.63	3.21	1.51	193.16	0.0	493-0.png	
0.15	4.32	15.29	3.42	1.45	193.31	0.0	493-1.png	
0.37	0.44	13.67	3.88	2.03	166.01	180.0	494-0.png	
0.24	3.14	13.38	4.02	1.65	166.92	180.0	494-1.png	
0.53	4.88	14.75	3.12	1.1	180.42	180.0	495-0.png	
0.44	5.07	13.4	3.69	1.41	179.27	15.0	495-1.png	
0.33	5.88	13.6	3.57	1.41	180.39	15.0	495-2.png	
-0.17	2.2	19.56	2.51	1.45	165.37	15.0	496-0.png	
-0.15	1.87	21.38	2.18	1.34	165.83	15.0	496-1.png	
-0.34	2.97	17.88	2.83	1.65	168.42	15.0	496-2.png	
-0.59	0.35	19.83	2.53	1.63	165.19	15.0	496-3.png	
0.27	1.41	29.0	1.33	0.66	171.34	0.0	497-0.png	
0.03	2.61	27.25	1.54	0.71	136.88	0.0	497-1.png	
-0.07	4.37	27.67	1.49	0.61	139.32	0.0	497-2.png	
-0.24	2.74	26.29	1.61	0.81	136.48	-5.0	497-3.png	
0.22	3.49	16.91	3.04	0.99	141.08	-15.0	498-0.png	
0.01	2.37	17.71	2.7	0.95	140.46	-30.0	498-1.png	
-0.17	1.69	16.0	3.28	1.11	144.58	-15.0	498-2.png	
-0.1	1.3	16.89	3.1	0.98	146.1	-15.0	498-3.png	
0.71	0.24	16.6	2.84	0.89	145.9	-15.0	498-4.png	
0.12	0.46	21.71	2.18	1.21	133.9	15.0	499-0.png	
0.02	1.33	19.55	2.66	1.4	141.11	15.0	500-0.png	
0.44	0.48	20.71	2.41	0.99	171.13	30.0	501-0.png	
0.23	0.92	12.0	4.43	1.56	140.43	0.0	502-0.png	
-0.2	4.84	14.88	3.78	1.16	157.34	5.0	503-0.png	
-0.31	4.65	16.13	3.16	0.88	153.65	30.0	504-0.png	
-0.26	2.0	18.5	2.61	1.67	195.32	5.0	505-0.png	
0.69	1.36	21.25	2.21	1.18	143.57	5.0	506-0.png	
-0.13	0.55	20.14	2.28	1.06	147.71	180.0	508-0.png	
-0.16	0.95	18.86	2.67	1.13	125.57	15.0	509-0.png	
-0.26	2.58	16.25	3.29	1.55	161.37	-5.0	510-0.png	
-0.17	2.96	12.5	4.45	1.22	145.2	30.0	511-0.png	
0.27	0.55	18.25	2.88	1.26	159.44	15.0	512-0.png	
-0.44	1.52	19.13	2.73	0.82	132.71	15.0	513-0.png	
-0.01	1.54	20.75	2.49	1.54	127.09	15.0	513-1.png	
-0.22	0.66	15.08	3.54	2.03	198.09	30.0	514-0.png	
0.25	0.58	18.83	1.81	0.78	187.0	180.0	514-1.png	
-0.44	0.55	22.0	2.12	1.19	172.01	180.0	515-0.png	
0.83	1.32	16.73	3.2	1.86	173.25	180.0	516-0.png	
0.5	3.5	18.55	2.68	1.53	165.02	-5.0	517-0.png	
0.91	1.07	15.0	3.62	1.02	134.01	-5.0	518-0.png	
0.03	0.66	16.57	3.17	0.97	152.3	30.0	519-0.png	
0.62	0.54	14.91	3.78	1.53	145.57	30.0	520-0.png	
0.28	1.17	18.86	1.64	1.19	141.81	15.0	521-0.png	
0.36	1.67	18.0	3.63	1.26	158.27	-15.0	522-0.png	
0.02	1.66	16.86	3.1	1.28	167.51	5.0	523-0.png	
-0.64	1.52	23.0	1.87	0.71	172.75	30.0	524-0.png	
0.29	3.14	18.78	2.72	0.79	150.82	45.0	525-0.png	
0.14	0.84	25.14	1.84	0.61	178.81	30.0	526-0.png	
0.12	2.49	14.88	3.76	1.82	180.69	45.0	527-0.png	
0.29	4.33	15.0	3.6	1.37	158.75	30.0	527-1.png	
-0.07	1.46	18.44	2.79	1.01	159.74	0.0	528-0.png	
0.26	3.11	13.17	3.81	1.18	157.82	45.0	529-0.png	
0.14	2.1	15.71	3.26	1.21	185.74	45.0	530-0.png	
0.32	4.78	13.18	4.2	1.25	128.5	0.0	531-0.png	
0.18	0.24	16.6	3.07	0.86	179.17	-30.0	532-0.png	
0.18	2.37	16.9	3.09	1.72	157.88	15.0	533-0.png	
0.55	1.93	18.63	2.79	1.52	169.36	45.0	534-0.png	
0.16	2.64	18.17	2.59	1.21	196.58	30.0	535-0.png	
-0.13	3.15	19.7	2.54	0.88	158.32	30.0	536-0.png	
0.25	2.45	14.67	3.75	1.71	151.69	15.0	537-0.png	
-0.13	2.97	14.83	3.52	1.27	147.91	0.0	538-0.png	
-0.12	2.31	16.0	3.36	1.09	168.16	180.0	539-0.png	
-0.1	1.1	13.67	4.11	1.41	164.88	30.0	540-0.png	
0.38	2.15	19.11	2.6	1.18	178.34	5.0	541-0.png	
0.33	3.1	20.0	2.58	1.25	147.26	180.0	542-0.png	
0.2	1.06	20.8	2.38	1.67	147.49	180.0	542-1.png	
-0.05	5.3	10.0	5.4	1.27	170.1	0.0	543-0.png	
-0.12	3.35	13.13	4.16	1.59	172.5	15.0	544-0.png	
-0.07	5.63	16.33	3.29	1.54	173.99	15.0	544-1.png	
-0.21	6.29	14.3	3.89	1.72	172.17	15.0	544-2.png	
0.16	8.68	13.25	4.24	1.5	173.21	15.0	544-3.png	
0.02	7.64	13.75	4.09	1.62	171.52	15.0	544-4.png	
-0.16	1.48	23.6	1.47	0.65	154.28	-15.0	545-0.png	
0.0	0.9	26.6	1.15	0.77	153.85	-15.0	545-1.png	
0.92	2.73	26.4	1.17	0.76	154.64	-15.0	545-2.png	
0.0	1.77	24.8	1.26	0.87	151.93	-15.0	545-3.png	
0.63	3.83	18.3	3.11	1.21	176.35	15.0	546-0.png	
0.14	2.34	18.38	2.8	1.23	176.62	30.0	546-1.png	
0.12	4.88	16.18	3.26	1.3	177.72	15.0	546-2.png	
-0.08	1.66	15.7	3.53	1.33	176.21	30.0	546-3.png	
0.26	2.94	16.0	3.2	1.75	174.97	30.0	546-4.png	
-0.08	1.44	20.2	2.52	0.86	168.96	30.0	547-0.png	
-0.05	1.88	19.64	2.43	0.79	168.54	30.0	547-1.png	
-0.01	1.8	19.45	2.57	1.4	169.85	30.0	547-2.png	
0.22	1.66	19.33	2.51	0.78	169.77	30.0	547-3.png	
-0.12	1.87	18.2	2.7	0.83	167.54	30.0	547-4.png	
0.1	9.02	9.43	6.23	1.46	136.0	15.0	548-0.png	
0.0	10.58	8.13	7.29	1.72	134.65	15.0	548-1.png	
0.06	12.19	7.71	7.98	1.65	134.05	15.0	548-2.png	
0.17	10.73	8.86	6.42	1.75	135.8	15.0	548-3.png	
0.34	7.88	8.0	7.0	1.93	131.43	15.0	548-4.png	
-0.01	5.1	15.5	3.43	1.31	180.99	15.0	549-0.png	
0.27	2.12	18.43	2.71	1.28	183.53	15.0	549-1.png	
-0.06	3.29	14.29	3.71	1.55	185.78	15.0	549-2.png	
-0.05	2.97	15.83	3.14	1.44	187.56	15.0	549-3.png	
0.62	1.38	13.75	3.99	1.3	185.85	15.0	549-4.png	
-0.06	1.77	14.67	3.7	1.16	186.01	5.0	550-0.png	
0.22	4.17	13.67	4.05	1.66	168.48	15.0	550-1.png	
0.01	2.99	14.71	3.64	1.15	169.28	15.0	550-2.png	
0.86	5.3	11.5	4.61	1.21	167.39	180.0	550-3.png	
-0.01	4.91	12.43	4.32	1.39	166.18	5.0	550-4.png	
-0.12	4.16	9.38	6.08	2.28	143.93	45.0	551-0.png	
0.14	9.33	8.25	7.06	2.65	139.39	45.0	551-1.png	
0.16	4.88	8.2	7.24	2.6	137.26	45.0	551-2.png	
0.21	4.17	8.88	6.54	2.38	139.48	45.0	551-3.png	
0.5	1.08	9.22	6.35	2.23	145.93	45.0	551-4.png	
0.03	8.1	9.63	5.94	2.49	142.62	45.0	551-5.png	
-0.01	7.89	9.38	6.25	2.04	141.58	45.0	551-6.png	
0.2	4.76	9.88	5.97	1.82	142.26	45.0	551-7.png	
-0.05	7.68	10.29	5.4	2.19	146.32	45.0	551-8.png	
0.28	7.25	8.0	7.43	2.79	134.17	45.0	551-9.png	
0.14	2.0	15.0	3.6	1.17	196.04	-15.0	552-0.png	
0.1	3.64	15.4	3.29	1.2	192.48	-15.0	552-1.png	
0.17	2.37	14.75	3.59	1.23	191.32	-15.0	552-2.png	
0.39	3.03	17.5	2.85	1.02	196.97	-15.0	552-3.png	
0.48	2.8	15.0	3.52	1.25	192.43	-15.0	552-4.png	
0.51	3.61	13.86	3.93	1.43	192.27	-5.0	552-5.png	
0.11	3.96	15.14	3.5	1.34	193.37	-5.0	552-6.png	
0.79	3.13	16.0	3.26	1.24	193.47	-5.0	552-7.png	
0.75	3.67	15.0	3.37	1.38	195.01	-15.0	552-8.png	
0.12	1.86	16.11	3.17	1.24	192.81	-15.0	552-9.png	
0.46	1.65	17.63	2.99	1.53	139.55	30.0	553-0.png	
0.69	1.13	16.88	3.4	1.72	146.23	30.0	553-1.png	
0.86	0.56	17.71	3.08	1.23	160.03	45.0	554-0.png	
0.3	1.47	19.1	2.58	1.08	171.21	30.0	555-0.png	
0.54	1.42	18.33	2.82	1.15	173.8	15.0	555-1.png	
0.01	1.53	17.0	3.06	1.15	170.69	30.0	555-2.png	
-0.05	0.9	12.17	4.51	1.56	139.05	30.0	556-0.png	
0.48	1.04	21.22	2.34	1.34	160.0	45.0	558-0.png	
0.22	1.39	13.63	3.97	1.38	163.7	180.0	559-0.png	
0.24	0.94	12.75	4.56	1.27	166.87	180.0	559-1.png	
0.01	5.64	14.0	3.85	1.04	184.99	0.0	560-0.png	
0.23	3.54	13.86	3.85	1.06	180.25	-5.0	560-1.png	
-0.51	2.3	20.0	2.87	1.47	149.15	180.0	561-0.png	
0.0	1.34	15.67	3.59	1.83	152.22	180.0	561-1.png	
0.51	1.84	16.33	3.22	2.16	194.01	15.0	562-0.png	
0.41	3.05	14.44	3.85	2.29	196.84	30.0	562-1.png	
0.22	2.7	18.13	2.77	1.13	169.19	30.0	563-0.png	
0.06	1.69	17.75	2.78	0.99	169.04	30.0	563-1.png	
0.18	4.94	16.0	3.46	2.0	144.59	30.0	564-0.png	
0.25	1.5	13.38	4.25	1.41	145.98	30.0	565-0.png	
-0.25	3.5	13.14	4.16	1.22	135.41	30.0	566-0.png	
0.49	2.31	16.88	2.99	1.02	139.66	0.0	567-0.png	
-0.19	1.73	19.11	2.59	0.98	146.04	0.0	567-1.png	
0.04	1.7	17.64	2.84	1.06	144.48	0.0	567-2.png	
-0.25	1.46	17.8	2.63	1.26	157.2	180.0	567-3.png	
0.06	1.86	18.25	2.61	1.07	137.93	0.0	567-4.png	
-0.16	1.81	17.1	2.85	1.21	137.27	0.0	567-5.png	
0.39	1.48	20.91	2.38	0.98	194.5	30.0	568-0.png	
-0.33	4.39	11.83	4.61	1.36	155.06	5.0	569-0.png	
0.8	0.94	21.22	2.31	1.01	142.9	15.0	570-0.png	
0.0	3.8	13.17	4.22	0.93	165.58	45.0	571-0.png	
0.06	2.45	14.67	3.86	1.81	162.66	5.0	572-0.png	
0.13	8.62	11.25	4.74	1.61	171.58	180.0	573-0.png	
0.14	3.97	12.86	4.33	1.93	197.61	15.0	574-0.png	
0.56	0.86	18.63	2.97	1.41	182.79	0.0	575-0.png	
-0.29	3.37	10.38	5.59	1.4	172.24	-15.0	576-0.png	
-0.07	2.03	22.13	2.44	1.28	137.15	15.0	577-0.png	
0.03	1.95	25.7	1.81	1.04	148.39	0.0	577-1.png	
0.24	2.18	14.25	3.75	1.99	159.43	30.0	578-0.png	
-0.01	2.99	12.7	4.46	2.68	159.84	45.0	579-0.png	
0.02	1.99	16.56	3.21	1.22	200.31	45.0	580-0.png	
0.2	3.65	17.8	3.04	2.29	154.1	45.0	581-0.png	
0.03	1.27	18.14	2.64	0.82	171.48	0.0	582-0.png	
-0.01	0.88	19.25	2.59	0.75	171.41	-5.0	582-1.png	
-0.21	1.59	21.43	2.22	0.72	173.41	-5.0	582-2.png	
0.28	1.62	19.17	2.6	0.85	173.04	-5.0	582-3.png	
0.05	3.55	18.6	2.84	0.76	150.84	-5.0	582-4.png	
0.11	0.4	22.33	2.13	0.65	175.02	15.0	583-0.png	
-0.36	1.2	22.44	2.09	0.67	173.19	15.0	583-1.png	
0.36	1.68	23.86	1.86	0.65	175.01	30.0	583-2.png	
0.13	0.96	23.0	2.03	0.69	173.63	30.0	583-3.png	
0.32	1.0	23.0	1.97	0.74	175.92	15.0	583-4.png	
0.59	1.09	15.57	3.49	1.38	142.58	15.0	584-0.png	
0.39	4.27	16.88	3.1	1.27	145.13	15.0	584-1.png	
0.57	1.15	17.43	2.98	1.37	142.41	15.0	584-2.png	
0.16	1.05	16.13	3.27	1.71	140.23	15.0	584-3.png	
0.23	3.66	16.13	3.46	1.36	147.15	15.0	584-4.png	
-0.07	2.15	20.5	2.52	1.47	179.08	-5.0	585-0.png	
-0.33	1.35	21.56	2.35	1.52	177.65	-5.0	585-1.png	
0.0	3.07	15.33	3.03	1.8	177.79	0.0	585-2.png	
-0.25	1.59	19.5	2.71	0.94	177.88	-5.0	585-3.png	
1.26	2.29	19.63	2.57	1.37	179.64	-5.0	585-4.png	
0.09	3.02	17.57	2.87	1.07	197.7	15.0	586-0.png	
0.08	2.16	21.71	2.2	0.86	200.6	15.0	586-1.png	
1.31	2.43	22.67	1.94	0.84	199.78	15.0	586-2.png	
0.17	1.92	24.5	1.84	0.77	200.92	15.0	586-3.png	
0.24	5.43	14.0	3.6	1.42	153.73	5.0	587-0.png	
0.24	6.39	14.86	3.59	1.41	153.03	180.0	587-1.png	
0.45	6.79	14.43	3.52	1.36	155.65	180.0	587-2.png	
-0.03	3.64	14.0	3.83	1.31	156.18	180.0	587-3.png	
-0.15	5.54	13.0	4.2	1.77	158.95	180.0	588-0.png	
0.14	4.52	13.71	3.89	1.67	159.98	0.0	588-1.png	
0.21	3.64	12.38	4.57	2.12	156.31	0.0	588-2.png	
0.68	3.72	13.44	4.23	1.86	161.14	180.0	588-3.png	
0.23	4.24	12.5	4.4	1.95	157.93	0.0	588-4.png	
0.83	7.26	12.67	4.34	2.42	159.8	0.0	588-5.png	
0.45	2.81	11.4	5.13	2.15	159.53	0.0	588-6.png	
0.52	3.92	13.0	4.3	2.21	162.35	180.0	588-7.png	
0.42	4.38	12.11	4.76	2.0	158.37	180.0	588-8.png	
0.02	4.78	12.13	4.67	2.0	160.05	0.0	588-9.png	
-0.38	1.43	11.92	4.5	2.39	165.84	30.0	589-0.png	
0.1	2.99	11.7	4.98	1.51	143.2	45.0	590-0.png	
0.87	3.93	14.0	3.98	1.3	150.01	30.0	591-0.png	
0.53	5.07	14.0	3.87	1.9	133.38	45.0	592-0.png	
0.36	3.87	17.83	2.6	1.0	155.73	-5.0	593-0.png	
0.02	2.24	16.55	3.27	1.19	148.05	45.0	594-0.png	
-0.42	4.07	15.0	3.62	1.27	142.62	30.0	595-0.png	
0.23	1.39	25.89	1.78	0.96	150.51	-5.0	596-0.png	
0.33	3.22	18.0	2.73	0.66	148.46	0.0	597-0.png	
0.24	2.47	17.4	2.9	1.04	161.91	45.0	598-0.png	
-0.06	4.3	15.11	3.4	1.21	159.88	45.0	598-1-.png	
0.74	3.62	13.55	4.02	1.02	154.7	-15.0	599-0.png	
0.23	5.29	14.0	3.94	0.94	154.31	-5.0	599-1.png	
0.49	5.76	12.14	4.91	1.88	175.46	30.0	600-0.png	
0.13	1.92	16.63	3.13	1.04	155.52	30.0	601-0.png	
1.13	4.83	18.0	2.75	1.22	167.79	5.0	602-0.png	
0.07	2.83	18.0	2.9	1.51	164.57	30.0	603-0.png	
0.62	0.26	19.33	2.77	1.41	164.65	180.0	604-0.png	
0.24	3.44	14.83	3.45	0.83	166.27	30.0	605-0.png	
0.05	3.5	14.0	3.64	1.45	162.44	-5.0	606-0.png	
0.31	3.0	16.0	3.35	1.8	147.6	30.0	607-0.png	
0.26	5.51	13.6	4.01	1.31	128.84	-5.0	608-0.png	
0.48	0.17	22.91	2.11	1.81	157.43	15.0	609-0.png	
0.15	2.5	14.38	3.78	1.41	131.53	15.0	610-0.png	
1.17	0.79	29.0	0.93	0.74	200.09	-15.0	611-0.png	
0.75	2.54	13.0	3.96	1.94	190.68	-5.0	612-0.png	
0.2	7.0	9.0	7.87	2.48	134.65	-15.0	613-0.png	
-0.1	1.42	14.8	3.73	1.99	156.84	-30.0	614-0.png	
0.22	2.35	13.17	3.87	1.33	150.28	0.0	615-0.png	
0.01	1.76	21.57	2.33	0.91	135.23	15.0	616-0.png	
0.27	2.53	19.0	2.71	1.26	146.41	180.0	617-0.png	
0.2	4.16	16.6	2.9	1.09	143.82	30.0	618-0.png	
0.67	3.42	12.0	4.96	1.88	144.37	180.0	619-0.png	
-0.18	2.51	17.9	2.92	1.1	144.6	45.0	620-0.png	
0.21	5.44	10.29	5.54	1.56	133.84	-5.0	621-0.png	
-0.01	4.05	11.86	4.65	1.14	135.74	180.0	622-0.png	
0.16	7.9	8.86	6.53	2.02	139.37	45.0	623-0.png	
-0.57	3.66	18.57	2.65	1.18	160.97	0.0	624-0.png	
-0.05	2.56	18.0	2.78	0.87	170.67	30.0	625-0.png	
0.06	1.97	19.29	2.63	1.12	181.59	5.0	626-0.png	
0.04	1.43	17.5	3.03	1.52	189.57	15.0	627-0.png	
0.15	3.47	14.71	3.59	1.85	135.69	15.0	628-0.png	
0.77	3.18	18.88	2.54	0.91	189.07	-30.0	629-0.png	
0.22	2.32	10.78	5.34	1.43	141.17	-15.0	630-0.png	
-0.97	1.79	19.5	2.57	0.91	181.01	30.0	631-0.png	
0.08	2.2	12.25	4.64	1.47	168.29	180.0	632-0.png	
-0.66	6.64	14.75	4.78	1.27	158.21	45.0	633-0.png	
-0.15	2.34	20.11	2.7	1.58	153.92	30.0	634-0.png	
-1.01	0.74	20.38	2.18	1.21	157.43	45.0	634-1.png	
-0.39	2.18	21.55	2.32	1.3	157.83	30.0	634-2.png	
0.03	1.6	18.11	3.15	2.15	156.73	30.0	634-3.png	
1.13	0.88	22.82	2.16	0.95	165.44	30.0	634-4.png	
0.16	0.89	21.36	2.41	2.21	176.7	30.0	634-5.png	
0.76	0.86	22.1	2.16	0.89	179.1	30.0	634-6.png	
0.05	0.93	21.46	1.85	1.36	178.56	30.0	634-7.png	
-0.2	1.9	22.1	2.18	1.83	177.82	30.0	634-8.png	
0.09	2.63	13.71	4.09	1.48	154.4	15.0	635-0.png	
0.2	5.49	14.4	3.69	1.46	152.03	15.0	635-1.png	
0.87	4.09	14.17	3.75	1.47	155.23	15.0	635-2.png	
0.11	1.66	13.25	4.19	1.49	151.58	15.0	635-3.png	
0.1	3.5	13.71	3.95	1.46	155.18	15.0	635-4.png	
0.99	4.9	13.67	3.85	1.24	151.93	15.0	635-5.png	
0.36	3.5	11.71	4.8	1.58	153.55	15.0	635-6.png	
0.66	3.61	13.29	3.98	1.46	150.91	15.0	635-7.png	
-0.06	3.23	13.0	4.39	1.36	153.64	5.0	635-8.png	
1.11	5.61	14.8	3.54	1.58	152.02	5.0	635-9.png	
0.18	1.31	18.38	2.73	0.68	129.78	15.0	636-0.png	
0.39	3.19	13.17	3.78	1.31	167.78	15.0	637-0.png	
0.43	5.47	13.7	4.11	2.28	155.62	45.0	638-0.png	
-0.21	0.28	18.0	2.72	0.75	156.14	45.0	639-0.png	
0.15	1.07	22.33	2.09	1.15	159.61	45.0	640-0.png	
0.96	2.98	16.43	3.1	0.99	167.48	-5.0	641-0.png	
0.43	2.05	21.43	2.35	1.12	140.19	0.0	642-0.png	
0.11	1.54	27.9	1.49	1.09	161.23	0.0	643-0.png	
0.22	1.32	19.0	2.67	0.95	156.72	30.0	644-0.png	
0.39	2.55	15.29	3.36	0.95	172.57	30.0	645-0.png	
0.09	0.88	24.0	1.88	0.76	168.9	30.0	648-0.png	
-0.06	0.38	24.0	1.91	0.88	171.14	45.0	649-0.png	
0.22	1.16	14.6	3.73	1.54	170.57	0.0	650-0.png	
0.52	2.31	16.86	3.14	1.63	168.53	5.0	651-0.png	
0.14	4.15	13.5	4.01	1.72	161.0	0.0	652-0.png	
0.04	4.36	11.0	5.17	2.09	149.41	30.0	653-0.png	
-0.6	1.57	21.67	2.26	0.8	167.42	45.0	654-0.png	
0.12	0.83	15.67	7.95	1.25	154.63	45.0	655-0.png	
0.54	4.42	15.6	3.54	1.9	151.82	15.0	658-0.png	
-0.45	2.01	17.38	3.57	1.66	150.56	15.0	658-1.png	
0.35	0.56	21.36	2.34	1.04	152.97	15.0	659-0.png	
0.42	2.88	17.33	6.46	1.7	130.81	0.0	660-0.png	
0.18	1.65	23.0	2.0	0.75	132.2	15.0	661-0.png	
0.12	2.89	13.86	3.89	1.35	165.26	30.0	662-0.png	
-0.16	0.27	18.25	2.62	0.79	125.8	15.0	663-0.png	
0.12	1.41	14.14	3.73	1.26	131.81	15.0	664-0.png	
0.15	1.21	20.7	2.49	0.88	176.38	45.0	665-0.png	
0.08	3.46	13.29	4.2	1.49	126.58	15.0	666-0.png	
0.09	4.05	13.57	3.85	1.51	129.39	0.0	667-0.png	
0.23	0.68	14.67	3.77	1.42	160.72	15.0	668-0.png	
0.8	7.22	12.75	3.78	1.82	135.1	-15.0	669-0.png	
0.1	2.12	20.71	2.39	1.45	168.61	5.0	670-0.png	
-0.63	1.63	25.13	1.76	0.97	165.7	15.0	670-1.png	
-0.16	1.86	21.55	2.3	1.16	167.33	15.0	670-2.png	
0.74	1.6	22.45	2.17	1.35	169.92	15.0	670-3.png	
0.99	1.62	21.0	2.3	1.42	167.66	15.0	670-4.png	
0.9	1.96	19.89	2.49	1.52	167.69	15.0	670-5.png	
0.45	1.97	19.8	2.62	1.9	163.47	15.0	670-6.png	
0.31	0.91	22.0	2.35	1.43	169.2	15.0	670-7.png	
-0.38	1.53	24.11	1.89	1.62	166.9	15.0	670-8.png	
-0.08	1.88	21.22	2.27	1.76	164.36	15.0	670-9.png	
0.36	2.58	11.64	5.05	2.11	142.54	0.0	671-0.png	
0.36	2.05	11.73	5.02	1.82	145.38	0.0	671-1.png	
0.38	3.85	13.0	4.49	1.36	151.0	0.0	671-10.png	
0.52	5.1	12.75	4.32	1.59	150.85	0.0	671-2.png	
0.52	3.93	12.22	4.77	1.75	148.26	0.0	671-4.png	
0.4	5.46	12.44	4.64	1.54	151.43	0.0	671-5.png	
0.21	2.13	12.18	4.81	1.66	151.69	0.0	671-6.png	
0.21	2.47	12.55	4.59	1.45	148.78	180.0	671-7.png	
-0.02	3.95	12.4	4.7	1.59	148.31	180.0	671-8.png	
0.41	4.07	12.3	4.59	1.38	153.32	0.0	671-9.png	
-0.44	0.21	23.91	2.05	1.39	161.12	15.0	672-0.png		
